5.64
0.09
13.64
4.4
12.77
5.02
9.57
6.98
12.75
4.75
0.78
6.82
8.32
8.28
11.73
6.07
12.44
0.37
2.39
13.25
6.24
11.23
12.21
6.14
8.47
12.1
1.02
9.04
0.8
14.16
8.29
1.9
10.82
10.27
7.68
6.37
8.13
14.36
11.56
9.81
4.8
0.34
8.35
7.28
11.41
5.32
10.76
2.98
11.82
5.35
13.77
8.84
2.31
8.52
7.26
10.73
2.81
7.96
4.22
2.43
10.3
9.43
10.09
6.67
14.59
12.37
11.37
5.9
7.55
11.08
14.9
2.11
2.2
12.45
5.52
12.99
10.82
3.78
7.98
2.83
12.61
11.43
11.17
2.92
13.5
6.66
11.8
13.16
5.84
9.63
6.46
2.41
11.42
8.38
12.44
2.33
6.34
5.67
4.52
11.66
12.78
1.72
14.41
0.0
8.02
7.95
6.74
9.61
14.52
11.99
5.51
10.61
10.02
5.55
6.35
4.12
6.23
12.07
3.63
10.92
2.69
0.62
11.86
0.07
3.91
11.54
10.74
3.85
10.36
11.02
10.84
12.85
8.78
11.85
11.49
11.5
10.3
9.53
10.32
10.95
0.02
0.45
0.37
8.73
7.59
4.74
2.29
8.97
4.32
8.62
6.0
2.96
3.06
5.19
1.1
11.66
3.18
10.19
10.58
4.6
14.12
7.01
1.33
10.03
14.34
12.03
14.49
6.23
1.54
5.74
13.99
4.5
13.12
2.68
1.43
2.4
12.7
7.35
2.86
10.92
11.21
1.23
6.03
1.32
7.81
1.37
6.65
10.24
13.8
3.39
9.18
11.46
8.22
7.96
8.91
14.54
14.63
3.54
3.27
9.94
7.58
11.08
6.08
6.32
5.75
10.4
12.93
0.65
2.12
6.34
3.8
4.56
4.81
5.37
8.2
2.9
6.74
1.84
9.54
3.62
2.86
3.59
11.26
2.45
7.19
10.21
12.16
3.96
1.45
9.77
2.76
14.86
1.87
13.72
0.21
6.03
9.34
2.23
7.16
3.67
7.07
10.27
14.71
12.32
9.2
8.72
6.7
2.19
3.84
13.29
6.55
11.52
7.36
2.07
11.34
5.1
6.64
5.34
14.8
13.16
0.05
13.86
10.3
3.43
2.0
7.57
9.32
8.85
3.89
4.38
13.97
6.29
11.27
12.15
7.19
12.72
2.47
12.85
5.87
3.75
13.27
5.14
4.43
10.58
0.03
9.93
12.69
9.17
7.54
11.52
13.38
7.86
14.89
0.39
2.82
9.09
0.2
2.08
2.33
4.89
11.65
12.18
1.96
9.43
9.61
7.68
3.78
9.8
5.39
6.23
2.42
11.93
9.54
14.12
6.77
1.08
14.61
4.82
0.3
6.28
12.57
7.9
13.56
6.79
7.95
5.0
10.13
4.33
1.47
13.36
10.6
9.55
13.11
12.96
1.11
4.67
5.01
14.37
8.5
4.59
7.06
11.54
4.81
8.86
7.39
2.21
10.16
7.92
14.27
4.07
6.76
1.5
0.92
1.6
11.88
7.97
2.75
1.72
6.79
3.26
3.16
13.06
3.08
13.94
4.25
3.65
1.4
7.67
8.14
5.77
8.11
13.86
12.94
12.93
8.52
0.36
0.56
7.41
6.22
7.57
2.27
6.41
11.34
11.25
7.82
3.18
9.46
9.13
6.12
1.12
8.08
13.55
12.18
11.51
6.14
10.6
2.52
5.52
12.45
13.58
7.07
0.37
3.04
3.45
2.28
9.51
2.82
7.18
13.76
9.7
5.84
1.2
10.05
6.51
15.0
14.3
9.9
0.54
8.93
6.54
9.98
12.98
4.95
0.62
3.82
3.73
9.5
8.3
1.39
11.44
3.01
7.18
6.15
6.2
1.21
5.12
9.44
11.14
14.59
8.22
3.17
0.98
14.67
2.66
6.14
3.75
10.37
1.83
11.93
11.62
10.41
14.1
8.54
6.88
7.76
8.28
7.5
14.75
5.56
8.87
6.34
3.59
1.4
8.76
3.39
14.21
5.98
6.11
4.16
7.82
7.87
12.57
2.49
9.91
11.97
4.04
2.3
5.71
2.72
8.97
0.69
8.29
4.91
10.53
1.65
9.1
12.77
5.4
5.63
8.11
7.68
5.31
6.34
7.68
2.14
8.2
0.17
1.28
9.08
9.08
2.52
8.54
0.49
13.34
0.1
5.89
4.21
9.49
0.99
5.05
9.29
1.26
11.08
7.39
13.2
9.78
12.92
14.11
11.72
13.05
14.54
12.04
1.86
2.46
5.25
10.35
0.06
14.2
12.37
14.6
9.38
7.62
9.23
10.37
0.17
7.02
12.31
13.0
7.38
14.06
11.7
5.96
4.13
4.74
5.4
14.55
5.67
4.43
11.66
7.46
8.46
2.45
9.28
9.69
5.34
14.81
14.54
8.39
2.55
6.26
0.99
12.28
12.93
11.95
14.93
7.35
12.32
8.87
10.65
6.05
6.68
3.74
8.18
9.49
11.15
8.75
7.78
1.5
0.62
9.15
1.24
0.03
12.01
1.91
5.11
0.16
1.62
13.95
9.18
2.63
6.35
7.23
6.06
1.17
14.9
7.53
7.83
0.23
2.15
12.05
8.6
5.98
8.93
14.85
3.05
10.73
6.13
12.98
8.94
7.98
3.35
11.53
1.87
12.35
1.32
11.32
10.74
1.79
4.86
7.52
14.35
4.55
11.8
2.63
13.96
1.54
14.86
2.85
11.3
10.89
8.68
10.89
10.43
1.21
8.0
7.83
3.16
4.52
11.76
3.83
8.24
11.66
9.87
0.93
13.14
12.52
6.11
8.17
14.38
4.01
14.97
3.39
11.13
3.88
13.49
2.09
9.25
14.93
6.24
14.84
13.31
1.35
13.15
8.02
13.85
8.12
11.26
14.46
5.0
6.52
14.92
7.21
5.51
4.4
9.0
0.17
8.37
12.51
7.31
1.63
11.2
5.31
2.99
5.38
10.44
6.68
6.93
4.74
12.21
6.38
8.34
2.07
8.57
2.17
14.68
4.44
3.19
14.43
8.95
10.89
3.6
6.67
4.31
8.37
10.74
3.44
11.4
0.89
11.95
7.93
7.13
4.6
4.85
2.08
3.28
5.53
5.54
12.24
13.29
5.04
0.96
10.94
6.39
4.84
3.91
10.37
8.68
3.89
9.15
6.13
1.61
6.9
1.38
12.64
4.59
7.51
5.64
12.1
7.67
7.88
14.6
4.04
6.84
8.1
8.85
1.74
8.1
11.9
11.17
5.23
7.2
0.33
12.15
4.05
10.48
0.45
13.58
0.38
6.15
1.09
4.57
7.0
4.41
3.51
3.56
6.93
11.73
6.08
10.06
13.37
13.77
3.77
8.78
3.65
1.83
4.55
14.02
1.1
11.27
10.77
14.24
12.69
13.95
9.31
9.95
1.74
14.31
11.27
3.79
3.36
3.99
8.96
2.11
11.89
11.95
0.2
8.71
7.74
10.08
7.96
9.42
7.4
3.86
11.86
3.5
6.06
12.97
13.9
11.97
11.29
4.46
4.64
3.72
10.19
7.68
5.6
4.18
1.14
2.61
13.32
3.91
11.62
5.13
4.26
5.14
5.58
11.55
2.53
3.9
14.57
7.73
9.05
8.48
6.56
13.86
10.52
8.1
10.04
7.03
5.59
1.97
7.89
7.07
10.03
5.69
14.87
5.23
4.39
12.61
3.72
11.84
10.26
9.94
11.05
6.28
0.37
11.13
1.29
11.31
4.62
0.25
13.3
10.02
4.19
11.92
6.68
7.64
14.5
14.05
9.78
11.22
5.64
2.68
5.1
1.51
7.98
10.14
6.08
4.94
7.52
5.62
2.61
10.01
10.77
6.62
3.49
4.98
5.69
10.58
14.62
9.25
4.12
2.43
10.56
8.23
6.59
6.26
7.22
13.7
9.29
1.59
0.98
0.12
5.26
0.37
9.25
13.41
3.07
2.92
10.59
2.67
8.39
6.54
4.52
4.52
12.02
6.26
4.1
4.61
5.14
5.0
8.25
6.76
2.3
2.88
3.63
11.37
1.15
2.65
10.71
9.66
3.6
5.81
8.17
13.65
2.61
7.55
13.04
2.08
0.2
12.05
9.46
2.44
2.9
5.89
3.34
3.27
1.8
3.75
8.58
12.98
2.06
10.13
14.71
13.17
3.38
7.04
14.24
9.19
1.33
7.81
8.5
11.06
14.35
1.5
9.58
12.13
14.19
11.71
9.11
10.33
1.15
8.36
10.26
5.72
4.04
1.2
12.41
13.36
3.32
2.92
9.22
13.05
0.78
11.48
6.06
6.22
14.9
3.92
2.36
11.03
4.56
10.8
8.73
2.27
2.56
11.25
11.34
6.87
14.3
9.51
3.74
14.33
3.93
4.81
5.03
10.24
9.99
12.61
13.6
4.82
14.75
4.38
2.82
10.13
1.49
8.79
14.17
7.21
12.44
0.38
9.14
7.81
13.05
9.83
1.18
12.07
14.02
8.13
13.04
8.17
10.46
11.67
14.02
11.45
14.0
8.55
11.97
13.41
5.36
7.39
1.58
14.01
8.02
1.94
0.6
5.13
11.36
12.5
9.54
3.29
8.14
13.56
7.76
11.89
4.54
12.3
10.46
8.15
4.38
10.71
4.82
12.95
4.02
10.55
3.11
2.23
2.07
6.75
5.08
13.78
6.17
4.34
6.28
9.0
1.14
10.87
12.07
14.32
0.29
4.41
0.47
11.38
1.28
3.68
1.42
0.24
1.26
3.56
5.16
5.56
9.04
11.66
6.06
0.68
10.63
0.3
9.28
9.38
0.03
12.67
6.55
5.3
2.03
9.62
7.46
14.93
1.9
0.01
4.24
5.3
4.76
11.55
13.1
0.81
13.32
1.29
2.29
1.55
0.35
13.4
11.14
3.71
0.66
7.75
14.88
8.71
8.49
2.9
11.76
6.62
8.38
10.82
6.61
6.33
1.9
6.06
2.77
14.81
8.01
0.47
10.81
9.61
13.09
1.35
12.96
2.81
1.52
2.31
0.3
7.76
14.09
2.08
14.15
3.98
6.59
7.48
7.69
10.92
5.28
3.44
5.18
5.11
5.96
6.6
12.61
1.99
5.74
6.01
10.8
14.68
1.45
10.18
2.67
13.99
8.84
13.25
4.15
4.97
1.38
10.68
4.8
13.55
9.5
3.72
0.19
7.95
4.12
6.69
12.58
6.02
13.03
4.87
6.52
13.56
0.89
7.99
8.16
11.14
0.17
