0.81
12.55
0.47
6.05
0.93
3.74
11.48
12.83
10.22
4.24
11.42
5.3
11.08
6.3
2.45
2.59
9.13
2.73
14.87
9.37
3.57
5.75
3.03
2.19
0.75
8.38
0.82
9.5
2.92
6.76
10.36
9.42
5.28
3.6
5.85
10.49
3.88
3.13
0.19
5.19
8.34
14.91
4.84
3.79
7.85
7.79
12.34
7.49
11.71
6.01
12.67
6.8
12.69
5.44
5.07
5.74
11.63
13.56
3.72
3.8
0.73
5.11
8.23
4.22
2.05
1.33
0.37
5.22
10.52
8.57
7.91
4.53
11.15
14.46
9.15
7.94
4.09
1.23
5.24
7.66
2.64
11.72
10.76
0.14
1.1
8.57
9.98
2.44
11.4
7.63
0.79
1.18
1.99
10.42
3.04
9.23
6.44
3.28
1.87
11.74
7.83
8.54
1.39
3.79
9.07
6.5
5.87
11.93
4.72
6.59
5.42
10.04
2.39
4.57
11.13
13.68
9.71
2.29
4.3
9.51
4.61
7.16
12.38
11.52
5.87
9.75
10.68
2.6
7.69
4.8
14.02
14.09
8.95
3.44
14.74
12.48
1.57
1.08
14.66
7.07
14.97
5.29
2.26
4.56
2.55
6.31
0.85
5.24
11.53
14.38
8.86
9.32
14.83
14.28
1.84
9.54
11.11
0.08
5.41
14.13
7.98
4.09
10.16
11.0
14.04
11.6
7.62
10.84
7.72
1.51
4.52
2.7
8.53
1.64
7.47
3.21
0.06
9.49
10.86
10.92
12.8
13.75
8.62
12.46
10.87
3.07
13.65
9.07
14.99
4.17
5.97
6.02
2.47
3.47
11.4
5.64
3.22
11.66
13.89
2.6
6.98
14.97
6.67
6.51
14.66
6.57
2.23
12.83
1.7
3.73
9.99
0.97
13.19
11.2
12.39
13.77
10.86
12.95
12.83
8.5
10.16
0.9
7.76
11.08
6.16
12.68
6.85
2.47
3.01
9.0
4.32
9.01
9.36
8.54
6.06
7.44
12.83
7.48
11.04
13.8
13.1
8.59
1.34
13.96
3.56
0.26
8.91
0.14
14.9
6.33
11.51
8.87
6.75
7.03
9.54
14.48
10.46
5.95
8.02
2.46
14.02
8.35
13.94
8.38
7.36
0.74
13.45
13.47
0.44
11.65
13.9
6.43
2.37
6.42
13.72
9.37
4.42
7.37
14.73
7.27
13.92
5.06
13.75
12.12
11.26
4.92
9.31
7.73
14.9
1.43
5.82
6.19
8.83
2.37
9.16
6.73
10.06
5.12
10.36
8.96
6.47
4.32
0.76
13.23
3.76
0.16
12.64
5.89
0.41
11.72
12.14
12.02
0.83
0.66
14.04
8.38
4.15
3.18
13.54
7.56
11.96
6.36
13.2
9.76
0.31
6.42
14.08
2.14
10.04
6.35
5.58
13.89
12.16
1.9
14.88
0.21
8.99
13.61
2.52
0.81
8.38
9.07
11.33
13.2
12.96
14.45
14.26
8.7
8.76
7.72
8.83
14.65
9.27
9.47
7.84
0.19
9.82
11.44
6.38
6.94
14.63
13.14
10.22
4.26
12.8
9.12
3.68
12.35
7.32
2.84
0.25
12.54
13.03
6.32
14.54
10.0
2.13
6.42
14.55
1.83
11.7
0.46
8.4
9.18
11.59
6.32
9.52
2.41
11.33
9.09
4.07
12.84
6.4
11.88
3.72
13.9
13.67
14.82
5.68
6.14
13.01
4.02
9.5
2.64
6.25
7.06
6.76
3.47
5.24
8.56
7.28
4.05
7.67
14.97
13.72
6.25
1.69
1.0
6.38
7.93
8.22
4.18
9.44
3.05
12.12
0.62
2.21
5.75
1.01
4.64
3.36
4.93
0.94
0.15
0.2
5.31
9.33
0.65
3.92
7.91
14.73
0.57
13.29
11.74
11.92
12.41
3.8
9.17
7.13
1.16
4.88
2.87
3.64
13.46
10.8
11.03
6.38
8.29
12.83
13.9
12.58
7.24
3.03
11.66
10.68
9.07
5.59
0.67
1.25
14.5
8.77
7.18
1.07
14.25
11.53
2.78
12.76
8.21
4.07
0.1
10.95
0.14
9.93
12.47
5.74
5.81
8.83
4.83
8.32
3.76
9.46
8.22
14.88
14.13
7.21
0.39
11.94
12.61
7.21
8.12
12.76
13.41
12.43
14.3
3.56
10.06
3.27
12.09
13.76
0.6
8.46
3.71
11.6
0.16
13.73
9.9
2.59
13.93
10.97
6.36
14.26
3.45
12.6
6.44
0.94
11.73
2.97
12.12
13.53
1.75
11.94
0.64
6.6
5.56
7.25
2.12
5.17
12.5
4.0
9.14
8.82
6.55
6.67
13.5
4.18
13.72
11.35
14.64
11.13
7.66
5.51
7.73
12.7
0.3
9.55
5.52
6.18
8.55
5.96
6.85
12.11
4.99
6.17
1.87
12.76
10.36
12.09
2.11
7.84
13.32
1.47
8.72
6.92
0.45
11.33
0.73
6.4
3.72
2.03
4.33
8.35
10.71
9.06
13.43
6.93
2.88
2.95
14.84
11.98
3.89
7.39
1.24
8.2
11.66
13.49
5.49
3.73
10.25
4.45
2.13
1.21
13.49
13.05
11.72
11.65
8.24
4.75
10.16
0.78
9.44
2.36
7.81
2.23
8.21
9.98
2.5
0.57
9.26
3.36
5.76
8.72
8.98
6.63
11.4
1.78
14.9
9.27
10.46
10.28
12.02
5.79
6.35
0.54
10.25
13.36
1.68
12.03
3.99
9.82
0.8
13.96
1.92
11.12
11.15
7.32
3.09
5.78
6.78
2.13
4.19
9.47
1.04
10.71
8.73
14.2
0.17
8.86
14.07
3.07
9.82
13.29
0.94
2.94
9.4
1.55
4.37
4.98
6.17
0.47
4.88
12.91
2.09
10.14
12.89
4.27
7.54
7.93
8.4
13.76
3.97
3.5
5.4
0.44
13.93
6.61
7.19
4.25
9.37
14.02
10.23
4.16
0.88
7.34
10.64
10.19
4.08
7.11
5.74
12.67
11.87
8.0
7.16
14.87
13.57
13.62
9.91
4.34
14.71
14.16
2.53
3.23
12.16
10.06
0.11
5.36
4.8
1.68
8.73
6.03
8.72
9.21
8.24
8.45
10.55
6.32
6.75
10.08
9.38
2.53
7.55
10.48
9.96
7.51
2.26
14.26
13.97
0.05
9.98
3.36
2.74
12.96
8.58
0.12
14.16
0.71
5.06
4.01
9.54
12.05
5.11
0.52
7.44
9.03
6.81
8.53
5.71
2.66
4.33
9.41
7.57
7.32
11.18
14.14
6.21
11.23
3.9
8.51
9.49
13.57
11.56
2.0
6.5
10.79
0.56
9.67
4.51
0.97
11.42
3.62
5.7
14.54
10.64
9.1
7.49
4.13
10.86
11.39
2.46
7.41
1.33
9.3
11.05
13.52
10.24
14.92
3.33
5.94
4.66
11.41
11.22
3.94
11.69
2.92
4.98
4.91
6.71
12.39
12.26
5.02
12.19
12.44
9.02
0.3
2.12
8.35
12.51
13.93
2.89
5.96
11.17
0.69
13.33
0.49
9.01
2.21
3.32
11.43
2.28
4.12
0.82
13.11
5.36
6.94
5.97
14.5
7.07
3.82
6.53
7.45
9.68
13.24
7.83
11.06
13.89
0.4
12.95
13.16
3.61
0.75
8.46
9.12
12.72
5.79
7.87
0.32
1.64
12.19
0.36
10.75
9.64
9.72
10.08
12.23
9.93
6.99
7.53
10.01
0.29
7.07
5.13
3.27
13.82
6.46
10.78
13.03
10.71
1.98
6.9
3.21
10.15
11.51
14.94
10.06
2.33
1.45
9.44
10.86
13.76
10.69
12.62
11.58
5.15
12.26
2.23
3.07
11.4
7.82
4.85
4.02
1.21
2.31
0.47
10.01
7.94
12.34
2.16
6.51
7.92
12.24
11.9
0.69
11.02
12.51
1.27
3.24
13.58
9.12
10.28
3.35
8.46
12.49
11.35
3.11
8.78
6.3
0.79
10.78
5.02
5.56
1.93
10.76
12.22
10.48
1.56
0.72
8.52
0.58
6.92
8.98
0.53
10.04
10.8
14.75
3.94
10.73
3.07
5.07
14.6
5.03
0.55
2.28
1.85
8.31
4.69
4.93
8.61
8.55
7.71
1.06
11.55
13.5
9.3
9.37
9.8
8.79
9.33
8.58
11.97
4.12
7.98
5.35
7.31
14.61
7.17
4.36
4.68
6.76
4.54
13.08
14.59
6.69
1.56
8.06
7.39
4.8
11.42
11.65
10.51
0.66
0.53
5.25
1.34
2.11
9.77
13.24
1.84
7.01
8.93
12.23
14.82
7.85
0.2
6.18
8.65
3.81
12.28
9.57
13.9
6.38
13.02
8.55
6.09
2.48
0.35
11.03
7.85
13.54
0.55
10.92
2.05
2.85
10.17
13.86
1.7
14.05
2.32
10.65
6.14
7.6
12.81
6.18
1.73
9.55
6.7
12.0
11.91
4.68
12.85
2.73
6.91
8.54
3.65
6.59
6.12
1.37
8.21
7.2
8.16
11.47
0.89
14.73
13.54
13.01
11.36
0.49
2.79
1.13
11.92
13.86
14.2
11.42
7.91
6.36
5.19
6.28
4.4
8.0
6.09
2.77
2.68
11.06
7.55
7.4
11.94
5.11
6.43
9.04
2.55
3.94
2.1
2.92
13.39
2.9
6.62
1.76
10.86
2.65
5.57
9.63
1.12
9.68
10.55
3.61
7.71
13.4
13.61
1.58
9.26
2.38
12.78
8.74
8.07
4.11
4.38
6.46
3.91
11.31
12.15
14.58
0.64
8.52
6.08
1.96
14.1
14.74
8.76
11.42
14.49
5.93
5.64
14.55
6.17
12.2
3.13
4.65
11.87
7.65
14.58
4.58
2.11
12.87
7.24
8.75
0.02
3.9
8.15
7.87
2.72
2.28
7.26
0.16
8.2
1.66
3.89
6.33
13.17
14.67
12.72
8.46
2.75
1.6
10.83
0.66
13.21
9.08
4.73
11.64
0.75
9.34
8.79
10.13
2.42
3.34
2.38
6.1
4.14
6.56
9.07
14.38
8.86
10.45
13.81
0.84
1.28
2.01
12.06
8.72
7.23
3.32
7.46
2.36
14.9
4.75
2.83
4.14
3.76
4.94
8.68
1.31
8.59
9.37
11.45
2.42
9.48
14.8
12.88
1.79
1.34
11.65
0.72
