5.16
6.08
5.61
6.58
13.04
14.18
12.5
1.51
7.55
11.88
6.98
6.79
6.41
1.75
3.72
4.26
7.49
6.1
10.97
11.59
8.32
10.11
0.81
12.93
12.06
6.54
1.97
1.19
4.12
11.27
13.65
14.88
3.75
3.24
11.63
13.71
7.64
6.03
12.84
6.06
3.5
8.31
9.45
3.31
8.34
12.22
13.6
7.6
7.24
4.52
5.08
1.64
6.6
7.26
4.48
1.2
11.37
11.61
10.0
8.75
0.24
13.3
10.31
2.78
9.76
3.9
9.23
7.5
0.12
3.69
11.37
7.31
3.11
6.32
6.54
4.18
8.24
4.96
3.53
12.52
1.39
7.27
8.26
4.33
3.21
13.45
5.84
12.17
5.44
3.39
0.04
12.17
8.79
7.94
1.76
11.71
11.45
12.72
14.11
13.14
5.95
14.25
14.97
10.84
3.67
6.78
13.4
11.44
9.4
11.24
10.85
0.96
4.02
10.4
0.76
0.0
12.11
7.05
0.39
13.78
2.55
5.68
12.88
14.95
11.32
10.78
4.28
10.2
10.74
2.96
12.47
0.88
4.79
12.56
14.7
5.74
8.61
7.15
7.11
9.22
0.98
14.74
5.21
8.53
8.83
3.87
7.85
3.5
9.42
4.38
1.74
6.81
8.92
1.38
4.76
0.27
6.04
14.49
0.09
3.7
0.63
12.96
0.19
12.98
13.31
5.35
8.0
6.97
13.89
11.49
9.84
9.72
13.23
13.0
9.39
14.34
14.78
14.54
11.1
12.68
5.08
6.46
11.4
5.88
14.15
14.29
8.91
6.29
11.37
0.43
6.32
1.9
4.78
5.25
11.11
11.25
4.35
3.32
0.85
5.42
13.73
4.68
8.54
2.49
5.53
0.34
0.94
6.31
11.85
10.22
6.54
2.6
8.2
1.24
2.02
8.92
11.57
5.54
0.29
2.96
2.07
0.56
13.28
9.49
5.75
11.71
0.39
0.63
5.97
4.32
5.16
1.75
12.98
14.04
13.65
1.66
4.25
1.42
5.68
6.33
10.49
6.68
9.11
10.98
10.75
2.32
10.78
13.5
12.68
14.43
11.19
13.22
5.4
13.13
11.01
4.42
12.66
14.91
5.81
2.66
12.93
4.85
0.45
1.43
2.04
5.34
1.78
14.21
8.59
3.14
3.98
9.46
9.1
3.83
1.37
5.58
8.78
4.06
5.46
9.93
10.69
9.3
12.23
14.51
1.07
10.54
1.97
9.63
13.52
10.32
1.24
0.39
0.47
3.95
11.61
11.92
10.83
12.51
2.33
13.82
5.87
10.88
2.37
11.62
5.02
11.7
3.6
3.68
7.06
5.42
12.19
3.4
10.88
13.47
8.63
5.04
11.02
9.26
5.06
4.22
14.63
6.66
10.94
10.76
10.04
3.05
13.18
12.01
1.4
4.18
8.81
7.38
10.23
3.69
13.35
5.27
4.06
14.22
12.63
2.94
11.78
4.51
9.03
1.26
14.47
1.46
9.84
10.31
12.83
3.88
4.43
14.28
2.32
0.81
1.37
4.24
11.64
5.13
5.83
14.94
11.94
14.2
3.12
5.53
12.02
7.52
3.33
7.37
1.32
0.65
0.58
8.14
13.7
0.06
6.33
8.32
4.72
10.33
1.12
14.28
5.63
7.93
1.57
13.42
1.21
13.53
2.11
5.04
11.37
4.23
11.15
14.84
10.65
14.41
3.27
11.06
12.4
5.05
8.24
4.26
8.44
3.49
3.16
2.13
10.21
2.81
11.75
2.58
5.9
10.46
12.96
3.01
12.15
10.89
5.46
12.96
2.51
6.73
3.59
3.83
14.65
11.99
11.63
6.71
3.8
8.74
14.24
13.71
10.1
6.6
0.28
1.6
0.4
14.21
13.37
4.41
12.61
10.71
0.8
7.85
13.53
14.07
0.53
12.57
5.75
6.14
9.76
12.13
3.28
7.84
11.0
9.29
10.72
6.21
6.5
5.69
1.28
5.43
9.58
5.91
0.35
1.22
13.5
3.26
7.6
0.71
8.26
4.13
3.43
14.73
11.66
12.31
11.96
13.11
11.14
6.67
3.42
0.04
5.93
13.67
0.2
3.67
13.59
7.85
8.59
12.2
10.58
2.01
11.66
1.99
11.76
10.4
2.76
7.99
14.68
2.7
7.03
10.54
3.79
1.05
10.09
11.17
4.73
10.99
7.82
2.48
1.46
12.2
7.71
7.66
6.74
13.76
6.29
1.47
13.75
10.33
7.22
5.18
1.65
5.15
11.61
0.73
8.54
1.02
0.92
13.13
1.54
13.81
13.41
3.35
0.18
14.34
1.04
14.74
9.29
9.69
6.18
5.67
4.47
4.43
10.5
4.0
5.51
7.71
12.77
3.7
0.82
11.03
5.21
1.14
12.85
11.51
5.5
8.98
12.19
1.97
7.51
7.71
6.44
3.1
13.37
7.58
13.74
13.1
13.38
3.23
8.06
3.03
7.86
2.79
3.64
0.13
3.44
12.21
9.49
2.82
13.56
3.96
14.49
14.48
5.98
2.17
9.78
13.86
6.88
9.72
10.07
6.15
12.5
8.59
10.6
2.59
14.18
2.27
7.57
9.89
14.39
4.2
3.45
13.42
2.44
14.66
7.79
2.41
0.3
1.85
13.74
4.18
0.53
0.98
7.34
13.73
10.41
6.12
6.05
3.73
13.2
5.45
8.95
12.6
2.6
0.53
3.06
0.72
12.78
3.98
10.84
12.22
1.31
12.86
2.48
1.14
12.46
6.65
5.94
0.64
3.42
5.09
10.82
4.86
12.17
6.87
4.89
11.8
2.44
3.85
11.15
8.67
1.07
7.57
8.13
1.63
12.5
7.88
1.6
4.88
11.42
2.53
1.08
12.56
3.4
9.28
1.28
12.91
12.16
13.83
0.02
4.41
2.56
0.92
8.18
5.31
7.49
10.11
14.99
1.17
6.03
7.36
3.55
6.51
1.69
2.92
2.37
1.99
4.12
6.13
2.34
6.41
2.0
0.96
10.24
4.31
4.9
3.72
13.25
4.67
6.87
0.12
6.1
7.14
9.64
0.55
12.63
9.62
8.34
4.14
5.03
1.48
7.36
1.8
0.38
0.84
9.26
2.15
13.49
14.74
5.18
12.8
9.14
14.89
7.83
6.1
1.15
7.1
3.87
3.97
8.51
13.72
6.3
11.36
6.63
6.05
7.28
8.72
7.44
12.35
1.9
10.43
3.64
12.49
0.98
7.08
11.98
6.93
4.38
13.6
7.83
2.9
14.98
2.57
5.94
11.56
14.94
4.9
5.6
6.28
12.06
10.94
5.39
9.63
3.98
14.32
0.25
5.98
9.2
8.98
14.63
11.5
13.49
11.38
9.73
2.88
10.76
13.51
13.98
12.85
7.3
13.06
1.4
13.26
7.07
0.87
7.56
7.33
3.56
13.3
1.75
8.8
10.55
1.87
13.71
4.37
13.77
1.73
12.02
5.3
13.87
3.05
12.24
11.22
0.0
2.66
3.97
7.99
13.47
4.19
1.75
3.07
7.23
9.74
2.84
5.19
3.26
11.86
0.11
13.72
4.76
2.05
1.61
8.49
8.97
8.61
12.3
2.61
1.6
12.28
9.96
10.21
6.22
2.93
10.84
9.54
9.09
10.82
2.91
7.11
7.79
1.31
8.77
4.33
13.57
2.67
12.18
9.11
9.57
11.75
1.42
9.6
10.94
2.77
4.88
11.27
7.24
10.86
5.8
0.58
10.49
9.41
0.71
1.6
4.45
11.55
14.21
4.39
12.43
12.5
14.11
11.03
11.79
3.27
3.61
1.88
10.77
11.17
7.15
5.4
14.51
6.85
9.56
12.37
11.19
0.59
14.75
12.08
5.29
11.7
7.13
4.49
7.65
1.67
0.41
11.02
13.32
11.29
2.46
5.18
0.61
4.01
4.39
7.09
4.45
14.4
9.03
13.51
13.18
3.07
12.8
10.52
6.26
4.54
3.07
11.45
11.95
7.34
1.6
11.61
13.43
7.92
1.34
4.93
1.46
12.52
0.95
7.43
10.85
5.49
1.19
4.09
11.07
4.14
5.87
5.37
10.52
13.31
11.06
10.37
3.59
9.27
13.64
0.08
9.5
12.26
12.69
13.57
6.59
8.9
4.41
0.96
14.44
0.76
7.12
0.27
7.38
4.93
0.74
5.46
3.44
0.75
0.94
0.77
13.45
1.44
14.94
7.47
13.44
6.38
14.07
0.89
10.23
9.52
1.85
10.56
13.62
4.67
0.92
13.22
9.24
0.52
3.3
8.58
8.29
10.25
13.79
14.65
2.58
3.21
8.91
6.76
10.51
13.48
14.08
0.44
12.67
10.11
4.87
12.31
7.41
8.26
12.77
0.53
3.82
2.95
10.44
7.05
10.05
9.51
12.98
12.68
5.05
9.38
5.26
14.5
3.77
11.17
10.21
9.57
1.49
7.58
13.68
11.7
14.87
8.26
13.11
2.92
7.19
11.98
14.02
10.42
4.2
10.76
4.33
4.33
2.16
3.51
11.27
5.31
6.55
2.63
14.19
13.65
13.56
0.0
4.39
2.43
2.18
6.68
11.96
0.97
14.24
8.54
9.31
0.09
9.52
10.74
7.56
10.31
7.12
9.8
4.54
11.62
12.69
2.92
0.11
1.38
9.44
2.51
11.89
1.22
6.96
2.21
0.69
4.32
11.47
0.58
9.1
0.33
0.06
9.48
1.38
6.46
1.26
1.24
5.84
8.69
13.16
2.58
8.88
10.05
1.43
7.47
1.06
5.6
12.99
11.87
2.11
10.79
4.38
3.11
4.42
3.83
1.16
11.27
4.84
9.96
11.74
6.58
2.3
12.53
6.07
6.99
13.67
14.42
14.93
10.16
9.82
7.91
12.79
3.95
2.17
6.34
3.7
12.31
3.11
14.78
0.33
6.79
6.43
2.14
1.51
9.4
14.54
3.98
5.53
7.7
10.34
14.92
9.58
2.65
5.4
5.26
1.04
4.1
4.22
9.1
5.84
0.96
13.94
0.6
13.18
0.17
0.25
6.08
6.59
0.91
13.75
6.1
9.21
5.64
8.35
12.32
14.21
3.24
2.46
1.72
3.93
4.18
3.3
14.68
12.45
6.15
4.77
8.85
1.87
2.48
11.72
5.35
6.98
14.33
4.18
13.21
0.24
14.58
4.22
1.82
9.49
0.12
11.56
7.22
2.6
14.35
13.69
0.87
1.77
9.01
9.91
0.36
2.27
9.52
13.5
4.92
