7.84
5.11
13.6
9.56
7.46
5.74
10.6
12.18
13.77
3.11
3.63
8.88
2.69
5.21
5.11
11.23
3.09
0.63
7.87
10.66
14.58
13.63
7.77
14.33
11.27
2.4
13.52
10.26
0.09
5.52
13.43
2.47
12.59
10.95
11.18
9.31
9.77
0.15
4.4
13.64
10.67
11.55
0.92
14.01
6.81
1.06
2.45
6.98
1.37
13.86
13.9
13.67
14.09
2.73
0.57
6.7
5.33
4.82
9.64
1.65
7.85
0.3
2.28
4.63
5.12
9.3
7.79
1.86
6.13
10.34
0.94
13.52
12.96
7.36
9.49
11.82
14.81
11.02
12.75
11.57
1.91
7.82
7.49
8.31
10.76
3.77
14.37
6.84
13.84
3.23
1.25
1.28
6.89
4.91
1.6
0.72
1.38
13.66
9.44
14.03
3.65
0.84
12.5
13.33
7.09
13.01
10.62
0.16
5.7
2.91
12.88
14.39
4.48
12.36
4.43
2.83
2.22
2.79
0.46
3.98
2.3
8.81
9.63
6.95
13.65
8.11
8.84
12.96
1.45
10.87
12.66
1.68
12.25
14.98
3.13
1.08
3.98
1.5
6.18
8.81
7.01
1.69
2.96
12.34
2.82
14.22
7.4
14.55
12.29
4.7
6.43
12.79
7.21
0.1
4.67
11.41
3.74
1.73
2.91
1.52
7.4
14.44
14.0
6.16
2.83
3.96
10.15
12.62
6.98
11.98
5.16
8.5
1.66
8.29
3.74
1.56
5.35
3.25
4.72
3.49
2.62
9.23
10.6
5.71
12.66
2.37
10.34
5.44
1.22
13.92
9.98
8.65
6.38
7.67
0.95
14.26
6.05
9.22
2.21
4.19
5.48
4.32
14.6
10.99
5.45
3.57
3.25
14.68
5.48
4.29
13.14
12.99
6.62
11.07
14.43
4.92
10.15
11.98
13.53
3.67
0.34
1.47
1.0
4.59
10.85
7.51
0.64
4.19
2.81
14.57
7.44
1.99
7.52
4.86
13.21
1.97
2.54
12.48
9.63
3.19
2.18
7.26
8.27
10.87
11.02
12.97
0.17
4.52
8.43
12.7
0.11
14.05
2.32
6.6
1.17
10.59
8.45
10.1
3.84
3.21
8.92
6.09
12.76
0.04
7.67
5.01
0.38
8.9
9.02
10.38
6.83
14.38
11.7
1.49
1.71
6.4
4.82
6.02
0.86
6.32
5.47
2.28
13.25
3.62
3.63
8.43
4.26
8.49
10.86
0.79
12.79
3.5
6.49
6.24
5.77
13.98
0.29
1.85
12.56
13.46
9.55
9.92
4.5
4.6
11.34
4.17
2.17
12.23
3.91
0.07
5.99
13.12
1.42
11.63
11.55
14.94
10.0
3.89
3.54
9.85
10.78
8.18
11.94
10.39
0.83
8.78
14.15
3.27
6.77
7.93
5.9
7.61
13.83
6.69
6.77
13.12
8.47
4.96
1.14
14.15
3.31
9.14
5.16
7.96
13.42
3.74
14.9
3.21
11.93
1.32
7.88
1.67
6.39
8.27
12.69
4.81
11.82
7.78
8.55
5.07
9.35
0.81
5.64
11.43
6.75
4.25
11.15
12.68
13.31
7.17
10.8
3.62
11.1
5.41
1.76
8.82
5.64
13.29
8.1
6.93
4.07
0.55
0.09
12.07
12.62
7.14
1.95
3.28
9.07
11.33
4.64
4.76
8.46
3.87
13.06
6.3
0.36
6.99
8.54
9.26
3.17
6.6
9.8
5.12
2.78
10.2
3.79
13.82
7.83
5.09
0.07
4.0
4.22
4.06
14.18
5.49
10.13
14.72
12.78
5.95
12.46
12.57
3.83
5.58
6.56
9.98
4.56
6.13
2.6
7.71
3.31
1.36
12.53
5.86
11.14
0.98
1.13
12.48
2.34
1.74
2.96
11.49
11.8
13.93
9.25
1.83
9.53
3.65
13.75
12.51
13.13
9.19
13.31
1.51
11.17
4.53
10.53
14.53
9.12
7.45
9.9
12.09
10.46
1.03
14.93
6.05
0.7
11.17
5.26
0.76
5.09
13.58
13.15
3.18
1.11
14.65
10.41
7.3
4.11
5.69
13.79
8.47
13.86
12.46
13.85
9.47
0.75
4.8
8.55
3.01
14.5
1.39
11.43
13.38
11.48
14.64
8.45
8.96
13.87
2.0
11.42
10.84
7.65
7.32
12.74
14.87
7.26
5.83
11.28
2.66
3.0
5.32
0.74
11.22
8.61
8.59
2.11
9.87
12.58
10.46
3.01
6.57
7.83
9.44
8.25
14.98
8.12
5.35
8.65
6.41
10.02
3.86
10.66
0.94
7.55
6.67
11.09
8.37
8.32
9.1
14.97
10.75
13.74
3.95
3.56
7.69
13.56
7.25
8.79
14.48
1.18
0.34
12.39
10.42
5.93
14.91
4.79
13.26
14.13
2.95
1.42
2.58
3.36
8.21
11.19
2.67
2.57
4.85
1.07
6.09
0.93
11.59
1.4
1.38
9.56
8.5
7.82
11.73
4.89
0.26
1.46
9.05
10.48
1.02
11.04
2.56
8.19
12.12
13.66
9.74
13.54
11.34
1.31
5.44
3.12
0.9
14.75
3.91
6.77
0.26
7.72
0.96
14.27
11.72
10.29
14.53
1.56
5.23
13.36
12.72
3.47
10.09
4.35
7.89
11.49
9.55
4.69
4.5
7.81
5.22
2.39
10.77
7.06
9.63
2.35
13.93
7.76
3.46
2.76
3.48
14.42
1.43
5.5
7.12
1.81
4.66
4.69
12.19
6.71
7.59
2.07
12.82
3.61
7.2
4.23
12.28
8.39
10.33
14.94
6.44
11.62
7.75
13.58
1.58
1.89
1.24
9.04
0.33
12.27
5.01
6.08
2.78
14.38
12.76
3.9
11.74
0.81
8.95
5.14
4.7
9.12
6.82
2.77
9.72
9.95
0.51
10.44
8.46
14.08
9.12
1.89
8.53
12.65
1.73
11.37
2.6
7.19
14.27
4.17
12.38
8.25
6.88
1.62
12.62
2.7
2.31
11.5
5.91
13.86
8.23
2.37
0.78
8.39
12.54
9.19
3.64
3.9
4.8
14.79
14.26
4.73
9.77
14.43
12.5
8.17
1.55
13.1
10.8
7.49
11.91
2.37
2.47
7.65
1.57
7.83
8.33
7.39
2.98
4.94
3.8
6.68
4.11
11.78
9.82
13.19
3.69
7.07
6.97
5.79
13.84
6.49
7.42
4.07
10.11
6.35
3.81
12.21
10.44
7.7
1.32
11.24
2.13
13.31
12.69
2.76
8.47
0.9
6.36
6.33
14.04
3.72
6.65
14.52
7.38
7.46
2.87
11.13
3.88
7.02
4.33
7.98
4.13
7.37
2.47
10.91
6.13
14.62
0.05
6.04
7.63
5.68
6.38
8.28
2.47
12.25
6.96
12.78
13.66
13.84
5.19
12.67
8.72
8.28
5.76
10.05
0.23
9.74
11.83
12.07
4.56
11.21
1.52
5.33
12.5
10.2
2.4
14.41
3.33
2.09
7.02
2.17
11.17
8.95
13.53
3.24
2.09
1.47
5.43
0.37
8.41
4.31
14.56
14.09
3.31
2.0
10.08
7.8
2.82
3.95
14.08
8.94
12.55
3.65
7.13
12.89
1.13
14.37
5.41
9.31
12.12
12.52
14.07
12.71
4.42
9.05
1.84
14.18
2.94
13.86
11.68
8.22
13.19
7.87
7.76
10.61
2.69
9.51
5.32
2.52
10.8
3.73
1.09
6.44
9.57
3.43
11.5
3.37
2.38
11.74
11.45
8.22
14.61
10.27
6.37
5.68
11.62
13.06
1.45
1.31
1.16
8.48
1.23
7.79
11.62
8.84
12.02
6.4
12.31
8.57
11.66
7.9
3.22
8.37
13.28
7.21
6.11
11.84
12.99
7.79
9.33
9.15
1.21
7.17
6.21
7.65
13.5
12.69
13.65
3.12
5.98
9.21
10.35
7.67
4.67
0.3
3.76
3.34
1.0
8.96
14.03
6.53
13.95
14.3
11.52
5.53
3.31
12.4
10.49
12.61
10.32
14.57
11.82
10.49
1.72
0.41
7.17
0.49
11.97
13.94
3.22
4.29
0.43
1.86
8.91
2.42
9.56
3.79
5.56
0.78
7.11
5.06
11.03
11.97
14.54
12.46
9.08
13.32
10.75
5.49
1.07
14.88
6.98
12.6
7.46
5.95
12.08
12.78
2.81
14.39
4.39
7.23
11.72
1.39
4.27
11.9
3.74
0.23
4.92
11.41
12.3
4.5
9.85
4.63
9.66
12.79
12.37
9.32
6.38
10.2
5.94
8.54
6.08
5.81
9.22
1.75
14.3
0.72
6.68
8.66
0.63
7.68
6.8
5.9
13.51
13.65
9.28
7.54
9.21
14.87
6.01
9.96
6.89
9.63
7.37
11.35
9.84
12.76
1.73
8.93
13.02
10.71
3.72
14.17
2.6
12.89
10.01
2.37
9.14
10.14
12.36
9.39
7.88
4.9
9.43
6.32
12.52
11.76
1.76
13.69
7.5
7.55
14.5
5.92
14.33
9.99
0.52
14.06
5.87
13.67
0.27
6.63
14.63
9.8
3.52
3.63
14.42
7.42
0.32
5.83
14.82
2.07
14.64
2.56
2.83
5.63
14.93
13.45
7.31
5.98
1.68
0.69
10.79
11.73
5.62
10.34
1.05
4.67
12.07
10.44
11.52
8.21
4.27
6.8
7.24
10.83
2.36
12.04
13.28
9.48
4.82
2.67
12.06
8.33
5.85
4.92
3.98
2.28
3.02
2.49
1.49
5.27
10.95
10.53
0.71
11.72
8.64
11.03
8.16
1.59
8.77
10.88
2.23
12.11
2.32
14.99
1.04
3.32
9.87
10.23
6.32
2.67
7.31
6.82
6.89
8.84
10.93
12.93
1.03
8.51
10.65
8.59
11.47
5.19
3.55
7.08
6.35
10.54
11.26
12.11
7.26
6.27
8.56
5.58
2.76
8.8
4.63
1.16
13.95
7.44
3.56
7.36
9.16
2.89
11.26
1.85
0.74
1.27
8.34
3.73
5.89
11.08
1.87
7.01
1.78
6.43
8.54
10.55
13.16
8.45
3.22
9.45
10.16
1.31
8.13
13.38
4.65
0.19
9.18
6.01
7.46
1.75
13.88
4.52
11.3
6.06
5.95
13.68
12.67
3.67
6.48
5.76
6.94
8.55
14.42
10.97
8.9
11.62
5.72
7.67
7.05
