13.78
8.59
10.35
13.71
1.94
9.75
11.61
11.76
4.03
2.29
11.02
12.34
10.9
0.18
6.24
2.76
11.39
1.38
10.71
5.76
0.25
10.81
2.87
8.21
3.13
9.13
3.66
5.22
7.76
0.91
0.28
12.31
2.53
0.74
9.79
13.29
8.66
9.75
2.07
9.45
7.07
12.94
9.88
0.09
6.15
5.58
8.83
0.19
4.06
1.83
12.51
9.96
1.91
5.94
9.64
0.32
1.87
9.81
12.0
6.97
4.69
1.3
4.4
14.22
1.17
5.33
3.54
8.77
6.39
2.94
11.98
13.76
7.34
1.46
10.05
0.79
0.74
7.77
8.13
10.23
11.77
2.58
4.32
4.01
8.94
12.18
12.36
12.24
6.58
1.65
7.41
12.1
11.0
0.59
10.9
7.32
14.49
9.33
10.36
9.64
14.66
6.05
5.65
0.12
9.19
11.2
3.33
10.47
12.62
1.06
7.86
9.47
10.87
13.59
6.35
7.49
14.01
8.58
8.0
0.62
4.43
11.92
13.29
0.73
5.19
5.38
8.18
0.67
7.65
6.44
10.89
7.81
6.95
8.16
6.84
4.36
2.01
5.08
6.25
6.81
2.6
5.88
5.61
11.94
2.36
1.86
5.9
8.49
5.99
5.64
7.16
3.21
2.3
13.73
1.67
7.65
6.05
0.92
6.28
3.54
11.57
13.74
1.95
7.07
0.34
11.29
13.84
9.69
3.47
10.9
2.39
5.35
5.59
2.02
3.46
5.36
3.75
7.51
5.13
10.48
10.93
3.31
9.05
10.05
14.71
4.1
12.42
4.82
4.49
6.62
10.2
12.88
7.95
6.03
1.62
10.04
13.9
2.34
3.88
13.97
3.31
14.17
14.45
7.49
2.8
10.93
14.62
5.06
8.17
11.44
3.43
8.22
4.77
1.38
3.26
14.89
12.49
3.33
3.58
3.69
13.88
2.9
11.83
2.47
0.83
0.71
4.11
1.75
8.8
13.64
14.46
13.46
4.09
1.33
14.64
10.38
8.04
10.71
13.25
3.9
1.97
9.72
10.38
14.59
6.92
6.92
9.91
2.5
13.9
9.51
2.85
6.3
13.56
2.07
4.69
10.34
13.47
11.59
4.77
2.32
2.35
6.75
14.99
0.37
13.86
5.87
11.79
10.32
8.51
0.52
1.88
4.11
14.88
14.9
10.92
14.59
13.09
12.04
13.48
0.08
6.7
14.84
2.09
4.74
2.61
13.88
12.42
3.66
3.77
2.35
14.77
6.91
11.66
11.58
13.42
2.82
0.34
13.48
5.47
5.01
10.15
10.03
1.68
11.56
4.58
12.19
14.83
6.01
10.5
4.45
14.16
5.74
8.84
7.52
14.39
7.12
10.08
4.18
2.62
6.1
6.91
8.37
4.18
10.53
10.42
2.5
8.51
5.71
1.58
3.52
3.92
13.37
8.97
6.15
8.86
4.86
14.28
3.05
7.54
8.36
0.87
7.47
2.09
9.83
7.12
5.12
9.4
6.35
5.46
13.02
11.37
12.56
2.53
9.67
7.26
6.0
1.11
0.13
5.58
13.09
11.16
13.1
8.35
8.93
8.72
8.62
7.34
12.04
13.22
7.8
1.48
1.06
4.54
10.53
7.76
7.84
2.08
0.42
6.66
12.74
9.56
1.86
12.51
8.35
7.17
10.4
13.04
13.64
1.28
13.03
9.1
14.56
0.24
11.54
3.34
11.82
6.57
5.94
3.31
10.21
10.33
11.47
6.38
5.88
2.1
7.48
9.68
5.94
8.04
10.11
14.0
4.79
10.84
1.37
14.92
5.8
6.74
8.16
11.1
9.75
6.18
10.26
13.63
12.83
5.09
2.26
10.67
2.89
8.73
2.2
6.32
3.5
13.73
7.47
14.63
1.11
12.62
2.74
7.73
5.98
4.41
0.59
5.06
3.5
1.78
7.09
3.35
2.89
7.85
14.14
11.37
12.62
2.05
13.8
3.19
3.53
9.09
7.64
14.13
13.17
10.85
7.71
1.3
4.39
9.95
8.58
10.53
6.9
10.06
7.71
14.74
10.97
0.55
5.8
7.27
13.96
4.68
9.91
4.28
2.49
8.67
12.95
9.49
11.07
5.74
10.2
0.65
6.5
7.55
12.98
5.74
2.83
8.64
14.72
12.85
5.8
7.16
4.49
14.83
4.43
11.8
1.66
10.88
9.17
11.26
7.82
9.98
12.79
9.86
13.38
13.27
8.27
0.79
0.51
1.6
11.04
9.12
11.62
11.5
12.69
1.47
8.68
5.81
4.6
10.66
1.97
14.53
5.19
2.61
9.51
13.73
2.29
7.01
10.89
6.67
3.32
13.3
8.18
6.73
2.94
9.11
5.17
0.2
12.6
12.36
13.9
1.16
5.21
10.19
9.87
14.95
1.15
3.01
8.02
1.47
14.68
6.09
7.47
0.53
11.13
5.12
7.84
6.96
10.31
0.17
7.81
3.08
1.26
3.49
14.38
5.05
0.9
7.57
7.2
6.91
5.07
7.56
14.41
7.46
13.36
7.73
4.16
4.52
14.52
6.85
10.18
5.86
2.94
13.5
10.44
4.55
12.8
1.65
0.12
12.64
7.89
3.34
13.56
4.9
1.4
3.11
7.11
5.84
2.51
0.47
7.77
7.3
1.14
8.28
13.27
14.94
10.32
5.43
10.77
1.0
8.44
5.99
10.48
5.61
1.38
12.7
4.41
12.21
10.9
5.26
1.03
3.59
0.67
5.11
4.14
0.22
5.14
9.28
8.02
2.57
0.14
13.95
0.04
4.4
0.91
13.69
0.21
8.35
9.57
14.71
5.15
1.47
8.79
13.38
9.56
4.83
4.86
1.75
9.22
9.92
14.7
12.66
11.28
6.03
12.8
5.71
13.86
11.7
13.91
2.35
14.01
13.55
13.21
14.51
2.87
10.15
9.78
6.56
6.54
10.61
9.59
1.41
13.83
8.74
1.06
1.54
12.57
11.01
3.45
1.66
2.9
4.17
11.16
10.9
2.16
9.76
3.73
1.76
13.37
3.63
5.06
11.82
6.61
14.35
9.48
12.32
8.25
9.89
4.79
14.35
10.06
7.86
11.55
1.35
3.76
12.42
4.59
5.79
0.46
3.25
1.99
2.62
9.97
12.92
0.53
12.29
7.92
14.66
7.44
4.6
7.64
4.54
5.74
12.79
12.65
8.34
12.86
1.28
5.07
12.08
10.85
3.13
8.68
6.35
9.72
5.49
5.3
12.91
6.73
11.4
4.29
8.39
5.24
11.12
3.31
14.0
13.75
0.05
2.33
8.7
12.99
2.95
5.48
10.39
12.43
8.11
2.46
2.72
8.09
13.47
11.53
2.42
11.53
11.51
9.45
9.34
5.65
9.69
1.71
0.26
10.65
14.87
11.71
4.51
2.48
0.88
4.39
0.43
2.51
6.99
7.16
4.82
0.12
2.7
7.08
7.19
9.71
7.4
3.77
3.16
6.29
14.96
14.88
0.81
6.36
9.15
10.77
8.55
8.55
9.12
0.66
14.45
5.17
12.69
5.44
0.18
6.6
10.37
8.56
8.99
12.38
6.15
7.65
9.03
6.87
4.64
4.39
13.65
6.14
11.52
12.64
7.36
5.86
1.86
13.27
7.91
8.5
0.43
14.7
14.65
5.06
4.02
3.47
2.99
12.05
8.86
11.78
11.64
9.4
1.33
11.68
5.23
4.92
5.59
11.18
7.49
14.73
6.36
14.77
1.43
12.63
8.6
6.13
12.89
12.09
12.7
0.81
2.23
6.81
1.25
7.8
0.48
1.29
9.69
8.48
7.07
9.22
2.88
6.92
9.73
9.88
11.12
3.71
1.36
1.63
13.45
4.46
0.55
2.18
8.72
11.0
3.44
3.29
5.4
9.67
14.32
9.67
0.05
14.93
12.83
10.03
3.0
6.73
9.15
3.62
12.09
3.53
0.95
2.81
4.35
11.15
5.1
13.97
4.47
11.61
3.78
6.4
5.97
8.29
9.45
4.81
0.18
13.15
10.48
13.38
6.04
6.54
4.01
5.27
6.63
5.47
2.56
13.02
9.22
11.18
1.16
7.62
5.89
6.93
1.93
12.81
2.74
2.31
7.3
11.32
12.38
10.8
6.91
0.3
2.88
7.43
4.96
2.59
6.39
7.7
4.41
11.79
0.18
11.06
11.18
11.15
9.7
8.9
8.86
9.13
7.99
4.95
6.71
8.8
3.1
4.84
8.77
14.3
11.47
5.87
5.92
0.49
7.41
4.56
12.58
8.2
9.99
8.64
6.71
4.85
2.76
3.52
13.96
12.74
8.15
2.75
4.76
14.61
3.68
0.69
2.3
9.72
4.03
0.62
6.01
14.47
0.62
3.37
2.69
0.12
4.71
7.16
9.87
3.6
7.93
3.89
0.21
1.26
13.64
6.23
7.04
9.32
5.21
0.06
3.85
6.79
4.4
3.04
13.47
6.68
10.95
11.79
8.1
10.22
5.38
6.45
13.47
10.38
1.97
5.19
14.67
0.34
10.25
6.68
0.95
5.23
6.74
5.66
0.11
7.02
12.36
14.74
12.32
2.91
7.7
12.52
0.52
0.84
3.05
3.06
6.53
10.75
14.01
5.55
0.86
1.19
3.08
0.29
9.72
2.49
2.51
10.98
12.11
8.15
14.33
2.84
13.99
7.77
8.09
2.47
5.99
9.16
10.18
1.56
1.96
11.01
6.02
4.57
1.07
8.14
0.29
10.43
13.98
10.7
2.16
5.29
1.59
3.7
11.86
13.1
12.76
9.97
3.86
2.04
0.57
0.06
2.26
9.07
14.85
1.68
12.85
5.84
3.72
11.62
9.87
8.71
3.36
13.64
13.73
2.64
9.39
14.76
9.19
10.91
11.87
8.52
13.29
4.7
1.26
9.09
2.34
3.29
0.87
12.24
7.13
5.43
6.08
11.43
10.28
14.14
8.43
5.16
0.54
8.49
10.75
4.18
4.9
1.99
0.02
0.26
12.95
7.1
0.37
1.93
3.67
7.42
3.09
13.84
1.5
1.96
5.83
14.09
7.66
2.39
9.02
12.4
4.29
1.6
6.29
7.79
3.07
12.6
10.81
14.45
0.16
11.5
6.55
1.62
9.81
4.68
3.91
7.14
0.36
3.11
13.7
3.81
7.65
9.58
7.03
8.56
4.68
6.68
11.27
10.35
3.06
14.72
7.43
7.07
0.03
12.89
10.28
9.29
10.17
13.68
3.99
12.48
6.75
8.91
6.27
1.27
