2.95
9.32
7.51
8.45
7.78
7.24
7.59
12.78
8.0
1.91
4.08
3.32
10.84
3.49
6.46
10.91
7.49
10.04
1.64
12.78
9.78
3.32
4.12
7.59
3.8
1.9
7.28
3.63
14.71
4.24
13.8
10.78
3.82
6.02
10.73
14.32
10.58
14.34
10.25
4.34
0.71
10.05
14.66
9.33
1.28
12.04
0.61
4.76
8.34
1.43
7.61
9.45
5.14
6.48
13.68
5.58
6.8
1.36
1.48
11.14
6.89
4.55
5.14
3.18
4.39
10.92
9.26
7.44
2.38
6.37
1.8
11.43
4.32
2.61
10.23
11.18
14.36
14.58
7.25
0.03
4.65
7.87
2.56
3.45
5.53
11.44
6.55
9.09
3.97
2.63
6.75
5.06
8.12
13.71
11.35
8.29
4.64
10.43
12.49
14.34
6.25
5.03
9.51
6.09
5.02
0.03
10.48
8.86
2.05
11.74
0.65
4.13
6.87
1.78
9.13
14.64
9.26
11.53
12.66
7.72
14.11
14.89
0.17
12.18
2.27
10.05
10.51
7.51
0.52
6.42
12.26
1.42
0.61
2.31
7.81
12.44
8.54
6.89
1.03
1.04
3.07
11.76
6.24
1.36
13.21
12.14
9.57
12.12
7.87
13.35
1.12
14.32
4.23
1.58
12.19
7.85
1.0
2.37
9.44
10.74
0.39
8.37
7.49
7.52
14.06
5.04
8.87
13.3
3.15
7.73
9.1
7.42
8.7
2.6
9.71
1.25
12.64
12.37
13.21
10.2
2.81
12.45
14.32
0.64
9.13
3.05
4.23
3.56
12.57
0.28
14.67
6.42
10.81
10.48
9.07
6.5
5.04
6.35
3.84
7.17
5.12
13.66
14.54
9.68
6.11
12.74
9.43
12.41
3.84
3.9
0.27
7.42
7.35
4.98
13.63
3.4
6.08
3.03
2.96
6.9
2.05
8.08
3.15
12.31
13.2
11.28
7.71
6.82
12.84
8.91
5.51
1.84
3.08
5.28
7.2
13.58
0.8
5.53
5.76
11.76
10.19
2.32
2.62
9.11
2.15
10.34
12.98
4.15
9.49
10.44
6.28
3.53
12.28
1.45
9.15
2.0
2.38
0.63
10.65
14.26
10.07
8.73
2.31
6.46
13.79
6.18
9.87
2.83
14.51
3.77
7.62
2.73
0.18
14.97
7.17
4.06
3.91
9.35
11.98
10.29
3.95
13.07
1.15
2.84
2.58
0.24
1.07
4.78
5.29
13.72
1.62
0.03
9.55
12.36
13.27
6.63
4.71
0.89
14.66
8.52
7.22
0.12
0.89
3.24
12.87
3.9
13.85
1.16
14.37
10.72
4.61
6.56
11.65
7.35
0.76
1.78
2.67
2.58
8.5
10.89
2.84
11.92
14.11
13.35
14.98
2.05
1.63
11.39
7.81
9.2
14.59
11.61
5.59
5.79
10.29
7.54
7.03
5.77
2.23
2.69
10.62
11.88
14.39
4.27
5.52
7.04
11.31
13.34
12.34
0.94
4.68
13.21
7.09
5.19
8.51
12.33
10.85
6.72
1.69
14.3
10.47
12.17
10.22
11.51
3.43
3.82
13.02
12.33
12.66
12.92
12.96
6.56
6.04
11.19
10.1
8.38
14.2
9.25
8.94
8.33
12.06
13.94
9.09
5.02
2.84
13.83
3.18
12.78
14.11
11.97
12.94
5.67
10.6
12.65
1.42
5.53
0.63
6.41
11.97
3.26
12.17
8.27
7.86
6.14
10.64
2.53
13.29
13.76
1.03
1.32
9.48
3.81
8.29
14.64
4.99
2.04
1.17
11.77
13.22
5.29
14.79
3.2
6.24
13.05
12.33
11.61
7.36
12.41
6.79
12.33
14.25
12.87
1.16
5.93
12.81
0.8
4.23
3.1
13.1
5.97
12.29
0.33
13.21
7.58
3.63
1.96
8.21
9.21
5.38
3.42
5.48
7.12
9.45
2.06
8.93
11.21
14.3
4.88
12.76
7.68
3.43
10.21
5.67
13.61
2.25
14.18
14.45
13.35
0.55
0.61
9.82
7.71
0.61
14.34
7.72
12.1
1.27
9.32
3.63
7.29
3.0
6.29
10.93
4.4
6.82
13.42
11.7
11.15
8.89
13.59
2.78
10.96
11.57
6.24
8.42
13.87
8.9
12.0
2.13
7.94
4.21
8.74
4.36
11.37
11.86
8.4
11.38
2.14
8.62
6.07
8.21
7.01
1.73
7.64
14.12
4.01
1.33
8.87
3.52
13.52
11.03
0.16
11.51
9.37
8.18
14.06
12.72
10.56
0.43
14.89
5.33
12.14
10.61
2.62
2.6
10.05
12.19
3.12
7.64
9.25
5.5
0.0
12.6
14.98
1.38
11.18
10.61
4.21
13.47
5.97
14.61
2.28
10.92
13.28
4.81
11.13
14.93
5.79
8.67
12.83
8.33
14.64
7.69
14.09
0.52
5.68
12.71
2.39
1.82
0.93
8.81
8.64
9.44
7.45
5.61
0.82
6.82
14.29
11.42
8.57
5.91
13.15
11.34
6.71
7.81
10.33
5.2
9.58
1.6
12.01
7.86
2.76
9.91
8.92
13.37
1.43
6.76
2.1
12.62
9.45
6.29
7.03
5.22
5.9
11.98
0.75
11.78
6.25
12.89
14.25
3.85
1.59
1.15
1.84
8.9
9.07
0.7
0.93
5.87
5.8
14.62
0.05
11.86
0.77
0.73
6.55
7.53
13.62
6.46
5.44
10.88
3.25
6.83
10.55
0.51
13.6
10.38
12.61
4.38
12.95
9.9
10.75
11.25
2.47
1.13
4.9
9.61
10.9
14.37
5.52
0.01
6.61
7.39
12.96
6.79
1.77
8.9
5.04
7.83
1.01
10.21
9.52
4.07
3.14
1.31
2.19
11.13
10.75
3.21
12.22
9.89
3.39
9.91
13.27
11.57
8.14
1.95
11.47
4.02
11.6
9.99
12.93
9.59
3.17
0.92
13.17
5.11
1.94
9.06
5.51
12.54
10.49
9.33
11.85
14.0
1.07
5.6
3.65
6.03
11.99
3.23
2.5
12.68
3.98
3.78
5.52
13.67
11.9
13.2
6.91
12.9
6.15
10.49
0.25
0.24
7.12
8.96
5.86
11.8
5.12
12.73
12.01
1.73
11.7
10.4
12.6
1.28
5.56
7.79
7.73
14.31
0.06
4.28
9.4
9.72
2.0
11.86
11.61
10.32
0.29
11.02
13.52
7.01
1.56
0.78
12.65
1.5
10.75
1.2
13.94
0.29
11.38
3.17
5.95
0.29
13.56
0.29
11.34
4.91
14.16
14.89
3.41
7.53
13.55
13.37
6.27
14.37
10.19
12.73
3.57
2.22
10.69
9.75
0.04
2.43
6.21
5.27
11.77
13.34
5.35
13.97
7.47
14.08
7.98
13.59
13.02
9.41
1.66
4.1
6.35
13.5
0.68
3.32
5.96
6.93
3.27
1.84
7.53
2.32
14.38
11.76
10.46
4.96
0.17
1.72
12.53
14.57
11.61
8.56
14.63
2.44
4.1
1.22
1.44
5.18
5.25
1.7
8.52
0.88
2.57
13.15
8.83
2.1
3.76
11.69
4.34
2.27
5.55
2.01
14.07
0.85
7.09
7.39
7.52
4.27
13.73
12.29
4.98
13.93
7.13
13.67
9.32
13.32
10.63
4.78
13.24
9.76
9.41
2.98
4.92
8.76
3.07
6.39
4.77
14.18
5.12
6.84
7.15
8.18
13.77
14.49
4.38
0.29
9.87
9.09
8.78
9.22
1.65
2.64
11.34
7.64
8.67
11.7
2.21
3.27
13.79
3.77
13.83
5.45
3.87
12.09
3.39
8.27
4.48
12.4
3.2
14.83
5.24
11.52
12.22
9.21
14.92
3.57
13.77
5.1
8.42
13.28
10.92
12.69
2.42
6.86
1.23
5.76
1.84
7.54
5.27
5.73
1.51
12.96
13.29
10.91
0.13
7.56
8.13
4.04
8.65
3.11
7.23
4.63
4.96
2.03
11.89
4.44
5.5
5.56
12.59
3.16
4.32
4.66
12.85
4.57
5.41
9.15
8.76
1.4
6.03
5.25
13.06
1.83
7.79
6.52
13.78
12.62
13.27
14.83
3.87
14.78
6.12
1.82
11.6
6.81
1.46
7.59
1.62
1.69
1.09
6.81
3.98
0.5
6.85
7.24
9.52
7.86
4.83
2.69
0.96
10.6
9.28
14.28
5.6
11.47
1.67
12.39
9.85
13.81
11.1
11.56
5.31
7.32
8.59
11.76
0.04
10.15
5.49
2.15
1.06
4.47
7.79
10.43
0.05
11.14
7.5
9.03
0.86
1.93
7.59
7.92
13.18
4.1
4.43
9.52
2.33
12.06
14.22
2.23
3.63
6.47
12.43
12.87
4.88
9.16
1.9
0.06
4.89
9.28
1.14
10.72
1.22
5.67
14.76
14.86
1.82
12.38
4.47
5.01
10.46
11.84
12.5
11.2
13.69
14.88
11.12
14.34
4.14
1.73
13.41
5.79
11.71
3.69
1.02
7.21
12.76
3.85
6.22
4.51
9.68
9.12
7.67
5.92
11.82
4.77
1.08
3.95
13.09
0.88
9.38
3.64
6.19
7.38
12.13
4.65
6.47
12.21
6.34
5.4
6.18
13.37
4.41
3.61
5.48
6.36
7.88
13.82
4.34
0.18
13.63
13.46
11.48
10.91
13.61
3.92
13.64
3.13
3.85
3.41
10.53
10.92
7.53
0.34
13.19
0.99
6.42
14.11
11.75
9.41
9.83
1.89
8.29
6.85
3.62
3.54
13.86
4.5
12.08
5.61
14.43
9.24
9.62
12.27
4.28
12.09
9.9
9.86
11.89
13.77
11.87
11.91
10.39
8.56
8.34
13.11
3.66
14.81
11.71
4.53
11.37
3.82
9.01
11.91
14.7
0.88
14.93
5.17
13.26
5.55
12.5
3.85
3.91
10.8
13.5
7.93
13.02
14.04
9.78
6.41
11.27
9.05
1.35
11.18
5.92
8.0
10.08
12.88
8.54
11.9
12.57
0.61
12.97
9.55
12.1
12.91
1.52
10.38
11.54
11.85
8.74
4.67
11.97
5.84
9.75
10.91
12.75
8.2
0.18
14.89
3.61
10.07
1.26
9.48
2.44
10.58
8.26
13.38
1.04
8.4
14.33
11.89
14.64
10.4
12.38
14.59
10.99
3.58
9.02
9.39
14.91
2.69
9.76
8.41
0.9
