7.09
5.99
8.2
4.45
2.19
7.89
3.36
8.95
8.53
1.96
6.43
3.42
12.59
13.24
6.2
7.18
8.24
2.34
1.2
12.84
7.26
9.24
6.03
0.26
14.99
3.47
2.17
5.44
5.58
2.4
3.15
10.87
12.1
11.09
8.14
8.11
2.1
1.31
8.06
5.77
0.53
14.47
6.48
7.67
0.08
10.78
10.1
14.17
14.84
9.82
2.32
12.94
10.05
6.04
11.11
0.71
14.34
7.62
14.51
3.39
14.07
7.07
12.71
13.78
14.26
10.69
1.99
10.68
0.3
0.6
8.03
10.25
3.34
1.37
11.31
7.92
9.22
3.65
3.11
0.93
10.84
3.2
3.78
2.14
8.01
11.06
7.05
5.69
10.05
4.62
6.59
2.25
2.57
13.66
9.53
9.86
3.73
1.4
7.89
9.68
5.75
6.07
9.8
2.04
8.31
12.13
5.0
7.62
12.44
9.92
9.04
5.72
13.97
9.0
8.35
8.42
1.24
14.47
1.09
4.01
12.26
11.68
14.37
13.14
4.43
1.41
4.99
3.25
0.23
3.28
1.97
9.73
2.26
5.18
14.33
7.1
5.72
3.0
13.11
12.06
13.19
5.82
8.71
5.46
0.03
14.64
11.98
12.01
8.73
4.13
14.96
1.66
2.67
8.19
12.44
11.18
8.03
6.02
1.26
6.16
10.37
14.63
9.56
1.22
6.3
13.41
1.41
13.83
13.44
0.6
14.32
10.59
4.56
14.57
11.03
11.37
13.15
13.95
5.63
14.43
9.11
3.73
0.06
13.59
5.5
8.6
3.28
2.12
0.06
14.16
12.75
12.86
10.93
7.05
2.06
10.65
4.1
7.82
6.71
5.63
11.04
11.18
0.97
12.66
9.42
13.31
0.93
0.46
7.11
4.12
7.03
2.79
0.75
9.34
11.52
3.03
12.07
2.93
8.1
8.32
0.72
10.92
5.75
9.7
0.9
7.16
2.15
8.61
14.62
7.06
1.69
14.18
3.21
14.83
12.25
9.68
9.01
12.58
13.52
6.89
7.52
0.1
11.9
8.42
6.82
10.65
6.94
13.56
9.33
8.1
11.95
7.47
14.13
5.81
2.35
7.61
5.24
9.78
9.73
11.92
1.68
7.86
2.26
8.97
8.36
3.2
12.59
1.94
13.25
4.35
9.09
7.97
6.17
6.83
0.24
0.43
14.6
8.17
9.2
2.88
7.68
10.14
12.74
11.86
2.58
5.04
14.48
2.3
6.01
5.08
9.94
9.42
5.47
13.83
4.23
12.72
12.59
5.82
12.99
2.98
2.14
11.03
13.89
11.27
6.59
11.86
5.02
10.06
5.58
11.86
13.24
0.13
5.2
13.49
12.67
8.67
12.36
4.11
3.9
8.33
1.85
3.61
2.63
10.9
0.08
10.94
0.8
8.81
2.08
11.64
9.06
11.23
3.8
0.32
9.65
7.56
10.54
2.06
10.77
1.24
11.43
2.6
2.71
7.52
12.26
11.85
7.31
2.83
10.08
9.04
9.18
6.07
9.3
6.03
8.71
4.05
8.64
8.08
5.77
10.25
8.85
1.03
6.39
3.25
9.92
13.78
9.93
8.77
9.34
6.73
7.78
2.74
2.6
12.5
9.92
1.54
1.62
1.69
4.42
7.27
14.29
7.67
3.45
12.84
0.06
9.94
7.94
13.79
12.66
1.5
13.45
5.37
2.25
9.97
3.0
5.52
11.49
5.71
6.49
2.58
9.63
3.89
1.28
12.31
5.99
8.37
1.48
13.85
12.89
3.61
4.0
12.89
4.59
14.48
0.74
13.08
10.43
8.15
6.63
11.98
12.66
5.04
4.08
3.17
7.25
12.33
11.79
10.88
0.03
3.7
7.2
0.96
10.18
5.82
0.4
9.08
3.53
0.89
14.3
0.42
5.66
10.85
0.22
2.79
5.99
8.08
8.12
12.32
12.85
3.62
7.08
5.15
2.38
1.73
6.33
1.85
2.72
4.96
7.24
3.94
10.58
12.91
4.68
6.69
4.84
0.59
3.23
10.14
12.53
1.97
4.87
8.54
10.41
8.09
10.84
10.68
9.22
6.1
13.9
6.99
8.27
3.04
4.63
0.62
1.02
5.85
10.74
7.83
1.77
2.56
6.71
1.29
7.31
12.42
5.0
2.87
13.69
10.51
8.01
7.39
8.71
5.69
0.36
7.69
15.0
12.61
8.28
1.82
7.42
6.13
3.69
8.04
6.83
8.31
9.03
11.71
1.62
4.32
8.28
5.33
0.52
11.32
7.7
6.0
3.22
8.88
3.41
8.81
14.09
5.71
11.11
8.92
5.34
2.74
6.29
9.99
6.93
0.74
2.88
5.71
12.45
4.13
10.06
2.33
4.73
8.26
11.19
0.32
1.71
2.14
0.05
5.79
7.83
14.21
3.43
14.84
11.51
12.77
12.72
6.31
5.39
12.96
14.66
1.4
5.67
13.56
6.2
11.47
9.33
12.42
14.96
12.63
12.8
14.06
11.74
13.05
10.76
4.12
3.17
4.34
6.57
13.67
3.01
3.72
14.77
13.84
4.76
6.16
9.09
9.36
1.02
1.73
5.91
1.33
12.22
13.56
9.16
6.88
14.42
13.09
13.68
0.51
8.01
7.88
3.91
5.53
11.51
10.8
11.59
13.29
7.93
6.33
14.77
10.07
11.6
4.66
9.53
10.11
12.26
13.55
12.88
13.68
1.0
11.7
5.71
8.74
10.71
10.41
3.4
13.92
5.48
13.5
4.67
1.01
11.09
13.64
4.65
14.53
0.08
2.77
6.98
4.4
6.94
2.79
13.82
8.19
6.79
14.31
3.98
5.26
4.95
13.07
5.98
2.72
8.91
1.92
8.49
4.05
11.78
7.01
5.44
7.25
12.14
13.65
14.71
13.47
13.06
13.93
0.96
0.39
11.06
8.94
4.14
10.44
7.39
0.85
10.42
5.51
14.57
5.19
0.99
9.31
8.51
13.39
7.27
7.97
7.35
7.77
2.14
0.98
4.54
1.61
5.54
5.64
2.34
14.41
10.38
2.89
4.0
1.73
2.29
9.39
0.64
14.42
11.49
4.43
9.25
11.72
8.71
1.12
13.31
1.35
12.1
7.97
10.31
6.29
0.98
2.3
9.86
14.47
3.52
12.9
7.14
7.67
6.18
10.61
11.15
13.03
0.17
10.7
12.31
3.63
11.73
2.94
2.24
0.3
5.01
7.16
14.42
2.4
14.19
13.88
14.58
12.51
8.83
2.69
3.52
6.45
5.9
9.32
4.41
8.05
1.77
6.88
7.34
12.73
4.59
8.28
1.63
6.8
12.57
6.97
8.91
0.81
14.52
9.08
13.23
3.21
4.95
5.68
1.95
12.4
10.28
9.15
6.71
7.23
2.03
0.47
2.71
14.15
8.88
1.45
13.25
14.23
7.21
5.43
10.65
8.79
11.56
5.96
5.78
10.77
5.43
9.56
13.35
9.58
11.17
5.9
5.42
6.24
13.68
0.84
3.33
12.54
2.07
1.09
5.8
0.58
11.17
8.86
4.98
7.84
2.98
8.49
7.07
3.71
13.2
7.6
2.12
9.38
12.03
14.11
0.44
0.15
5.38
1.81
9.96
14.92
3.19
1.32
13.24
1.6
0.33
11.16
14.22
14.04
14.49
8.86
10.58
2.94
2.95
12.88
10.26
5.56
14.94
0.01
10.68
1.39
5.0
12.43
14.21
4.73
7.54
8.12
4.33
0.81
5.54
0.77
14.19
3.92
6.05
2.03
2.9
13.94
8.21
8.36
7.98
0.61
0.98
3.08
5.63
8.99
14.87
11.09
6.83
11.4
14.33
8.72
12.16
1.59
0.26
14.28
2.99
14.47
0.95
4.9
5.78
5.08
1.55
0.81
9.37
4.2
3.65
9.62
6.89
6.21
6.98
13.19
8.87
13.81
9.07
13.54
9.03
0.49
14.7
2.51
7.08
7.42
2.24
3.72
11.71
12.63
3.66
12.8
0.92
10.66
10.74
9.32
3.02
6.62
5.6
3.13
4.77
6.27
2.44
8.35
14.11
13.74
5.65
12.33
12.87
4.8
0.77
2.82
4.11
11.73
9.94
6.45
5.75
8.09
14.85
3.07
7.01
12.14
11.09
5.01
4.52
4.65
2.12
14.92
11.14
4.5
13.14
13.56
8.98
9.31
1.34
13.57
8.35
1.49
4.52
11.72
6.17
13.94
13.69
7.72
7.28
3.21
14.76
8.25
12.9
6.37
5.76
9.83
3.1
11.56
6.62
11.17
0.13
7.42
13.26
13.36
10.06
2.09
11.54
14.36
7.39
3.08
4.86
14.45
8.93
7.81
9.54
0.33
8.62
14.18
6.98
14.01
13.31
7.01
5.37
2.5
1.06
3.99
11.43
6.78
9.29
1.58
11.99
7.97
11.96
14.22
7.41
5.63
4.4
7.64
1.44
3.55
14.74
11.9
6.17
4.98
4.13
0.83
12.06
5.52
0.87
1.79
4.68
2.89
7.43
3.82
11.58
1.1
9.23
0.53
4.2
10.38
12.35
12.32
0.28
2.04
0.43
9.61
8.0
13.41
14.33
10.68
11.33
12.8
1.14
5.55
11.21
11.68
9.96
10.32
4.27
11.42
12.89
12.64
3.47
1.7
6.03
7.15
6.1
13.24
13.03
2.26
4.59
9.13
8.51
10.37
5.5
0.89
11.49
3.76
14.77
9.04
5.63
6.18
11.94
3.13
8.36
13.82
1.4
9.11
7.43
11.32
12.71
8.68
7.45
10.9
4.04
13.39
6.59
11.92
12.62
9.3
10.1
6.73
3.88
1.28
5.41
3.53
2.63
2.98
10.3
14.13
0.86
1.43
5.22
12.78
5.4
10.5
1.97
8.05
1.93
10.0
3.14
11.55
10.93
3.03
11.96
2.41
1.44
10.9
5.2
4.7
6.13
10.32
6.72
9.29
7.19
14.94
2.45
9.06
11.4
0.38
9.64
14.1
2.63
12.69
4.42
0.96
3.15
7.61
8.02
0.05
14.51
3.55
0.26
14.85
12.01
10.08
5.15
4.9
2.11
4.86
12.52
11.96
5.32
7.62
9.81
8.73
14.32
14.42
4.05
3.85
0.15
3.59
5.47
4.98
10.79
0.01
0.24
13.25
8.4
8.93
1.37
5.6
6.78
13.06
8.03
6.16
13.45
5.24
2.39
8.33
8.36
4.29
2.13
2.72
9.18
12.18
10.66
14.68
11.66
10.45
10.83
1.99
