27.96
21.8
15.61
27.43
29.16
27.62
15.42
17.11
27.23
16.19
25.56
28.53
22.22
21.7
25.96
25.59
29.05
17.3
16.97
21.9
21.29
18.45
29.87
18.83
17.75
23.98
24.23
19.26
16.29
20.65
24.09
21.33
25.06
15.26
16.66
18.21
19.35
21.54
24.71
20.51
19.93
16.18
24.66
17.93
29.59
28.31
21.17
21.76
28.89
17.78
25.82
17.9
16.69
20.74
19.41
18.64
26.26
26.32
27.98
23.19
29.75
20.55
29.91
23.24
21.5
19.29
22.74
15.67
22.32
16.04
23.67
17.56
21.4
24.52
16.85
15.84
28.49
26.72
21.32
22.73
17.05
17.58
21.21
19.55
19.45
20.06
27.47
17.46
18.91
15.06
28.63
16.99
19.2
27.67
19.91
17.12
17.01
19.53
27.47
26.98
23.31
26.16
27.91
18.65
26.75
15.23
27.1
23.16
19.73
19.0
28.2
20.25
21.77
24.2
23.77
28.14
21.61
25.15
22.04
27.23
26.94
20.69
20.71
20.02
23.06
21.03
27.18
15.08
18.44
27.96
19.12
19.87
24.61
26.29
21.91
17.33
19.9
24.55
17.06
18.92
15.83
18.81
24.55
24.98
23.3
23.11
27.61
24.46
18.95
21.46
21.04
23.62
20.04
21.14
22.91
21.92
20.37
23.3
22.5
26.99
18.86
26.64
19.44
20.63
24.37
19.81
25.12
24.5
27.59
23.11
19.46
24.52
15.98
27.24
26.08
20.11
29.85
19.27
26.15
19.51
21.02
23.95
17.84
25.15
23.59
22.4
25.31
23.35
20.2
17.36
18.41
24.83
21.9
29.21
28.94
28.33
26.53
22.7
27.42
15.55
24.06
28.16
23.27
23.98
26.78
26.84
18.52
18.09
15.48
20.61
24.58
26.16
22.97
29.48
24.76
19.07
20.16
22.91
18.69
18.81
23.53
23.92
22.94
15.31
28.33
26.85
16.73
29.53
15.39
18.36
22.84
24.6
21.75
18.15
18.95
27.7
27.16
22.19
21.33
21.35
18.76
26.59
25.38
29.83
22.27
21.52
19.53
22.74
24.15
26.48
19.93
19.82
25.3
19.5
23.61
17.83
28.16
20.94
21.67
18.33
17.64
22.09
29.7
17.06
26.91
20.97
22.94
17.44
17.44
21.7
22.86
28.13
29.07
21.62
22.49
20.48
16.52
15.38
19.72
29.97
28.74
29.0
19.67
24.51
19.91
17.71
28.49
18.93
20.08
28.57
26.14
23.54
22.1
23.8
20.06
17.57
22.0
26.93
17.28
19.54
23.18
18.75
20.29
20.43
16.0
23.93
20.89
15.21
15.87
16.0
24.38
17.0
20.88
15.26
23.16
23.36
25.04
17.5
24.47
26.96
18.76
26.81
28.82
15.64
19.21
25.46
15.58
18.26
29.84
16.65
19.29
15.54
19.2
23.41
29.56
26.08
23.33
24.24
20.45
16.41
22.91
25.46
26.05
19.42
18.74
26.65
25.16
19.76
28.87
22.94
19.03
22.43
19.28
28.59
18.92
18.71
24.51
21.3
26.55
19.27
27.29
24.82
16.14
16.99
25.24
17.93
25.83
25.82
20.25
18.62
16.2
16.6
24.29
23.1
27.88
20.05
25.66
29.71
21.61
16.03
20.88
15.01
22.8
22.26
28.41
29.89
29.68
25.49
22.09
27.03
21.62
28.02
28.55
27.31
27.61
27.34
18.13
29.92
26.0
15.82
20.14
15.08
24.69
16.47
18.34
17.67
20.14
27.87
21.07
15.63
25.72
16.92
22.36
16.97
16.42
27.05
23.11
29.11
16.7
28.93
17.17
19.98
27.92
20.76
21.27
18.88
25.04
25.85
22.48
17.4
27.01
20.75
27.6
16.54
29.63
20.82
22.92
27.85
23.53
26.13
22.3
19.77
26.26
22.23
24.44
15.63
22.18
19.3
15.01
23.44
17.52
20.23
29.32
29.15
16.94
20.44
27.64
24.88
19.08
19.87
18.08
15.67
24.17
22.45
26.76
16.84
27.24
21.94
17.98
28.23
23.3
20.38
18.98
26.0
25.04
25.0
21.44
24.16
29.26
27.59
25.31
22.0
19.82
16.81
26.29
18.99
29.91
22.36
21.5
29.36
15.76
28.46
19.55
28.29
18.46
22.37
26.68
19.7
29.83
25.21
17.95
23.13
23.53
21.95
27.27
18.22
18.94
21.01
25.58
17.45
16.01
19.25
19.02
28.83
15.31
17.08
18.02
29.82
26.66
19.91
27.98
24.47
21.87
16.03
15.96
25.9
17.93
21.43
28.73
21.45
15.67
28.16
23.84
18.14
16.39
19.32
19.03
19.48
18.63
17.55
16.92
18.84
16.46
29.73
15.04
27.2
26.72
27.55
23.52
18.19
22.29
20.96
15.26
29.75
29.91
29.42
22.11
23.02
18.37
25.55
21.53
21.55
28.65
27.86
16.56
23.72
24.98
27.56
22.4
25.09
22.72
15.06
21.39
16.0
24.02
22.65
29.32
21.16
23.04
26.1
21.08
27.49
17.01
18.73
21.57
16.04
26.14
25.05
17.04
21.36
23.54
29.34
16.74
18.81
16.02
17.01
17.13
26.07
24.43
16.5
27.48
17.86
18.65
17.29
28.77
17.19
26.37
18.52
18.94
18.35
15.4
22.69
29.1
15.85
24.69
23.4
16.39
26.91
28.07
26.97
25.76
28.34
22.85
26.79
24.79
16.45
25.03
21.89
26.9
16.47
27.08
17.12
24.95
16.28
26.79
21.49
16.66
22.78
16.09
18.75
27.7
21.69
18.07
16.75
29.33
23.4
21.13
17.53
17.95
15.46
24.02
28.18
23.34
26.68
17.08
19.91
26.83
15.54
29.11
25.52
22.07
28.98
22.22
25.2
28.93
22.68
17.5
27.37
27.6
26.09
19.85
19.39
27.87
27.58
20.24
25.9
22.23
26.85
20.7
20.93
21.71
21.74
25.71
24.8
21.4
16.48
21.08
19.82
21.45
25.25
15.08
22.11
17.21
23.39
17.36
19.09
22.4
15.96
17.61
24.38
20.95
20.43
28.78
26.35
25.6
28.46
25.49
20.97
25.2
17.96
25.95
15.65
19.52
18.76
17.01
19.27
24.27
28.36
18.77
21.08
18.92
19.41
21.2
20.09
28.67
16.86
28.93
25.65
16.93
25.86
22.1
27.16
21.7
15.01
16.06
23.61
21.2
27.68
21.99
28.88
16.0
17.78
25.74
29.77
15.11
18.07
26.56
26.42
19.86
28.13
28.49
18.47
22.21
19.93
18.27
21.09
17.61
20.88
21.96
23.23
26.27
21.79
16.42
25.15
29.55
22.27
19.66
27.01
28.22
25.14
19.29
25.36
25.86
22.13
15.59
20.07
21.77
20.39
29.69
16.46
18.6
28.31
19.23
16.59
18.08
22.14
26.21
26.61
20.24
16.84
20.67
22.27
20.77
20.82
27.01
16.55
24.91
21.4
19.6
29.98
16.74
17.39
15.38
28.75
20.76
29.33
28.64
17.22
29.53
20.74
29.31
27.52
20.11
21.21
28.08
25.14
16.3
15.18
29.58
24.22
18.65
26.47
29.85
17.79
16.95
15.83
28.42
26.81
24.02
18.47
29.63
16.45
27.47
26.01
16.73
28.66
17.59
21.5
21.73
20.07
15.47
21.63
29.22
20.97
26.09
21.73
19.47
29.63
23.17
26.52
26.74
22.19
26.98
17.06
17.7
17.88
26.55
19.85
28.17
19.0
27.52
26.85
25.44
16.77
28.66
18.35
27.81
18.05
26.37
24.85
19.88
23.06
20.04
24.34
26.92
24.4
19.37
29.8
24.15
27.9
18.32
27.9
17.97
27.8
21.79
23.75
17.61
25.25
25.59
20.82
19.64
20.4
21.42
28.21
18.21
15.92
20.13
20.41
15.66
22.05
22.58
26.98
28.93
25.55
16.21
24.67
27.39
24.26
19.42
19.79
27.16
18.85
24.45
17.24
17.28
20.55
19.08
21.74
25.45
24.16
28.16
15.17
28.55
18.05
27.64
22.44
19.57
16.35
27.09
23.18
19.4
21.97
23.16
29.5
29.78
21.86
19.04
16.76
21.38
19.68
24.87
24.82
16.51
15.52
15.89
15.62
25.19
23.43
17.94
27.04
27.39
24.33
20.43
16.64
24.55
27.68
23.59
23.72
24.92
21.69
28.55
15.96
22.39
29.06
25.64
27.31
22.35
27.49
16.59
27.42
16.42
19.96
23.54
28.71
22.34
22.53
29.38
21.32
27.86
27.07
28.09
26.28
28.52
18.81
22.27
17.75
28.48
22.82
15.02
20.51
28.95
16.28
27.0
27.94
28.42
17.07
20.79
28.49
21.05
26.66
24.74
25.51
18.58
27.95
23.9
28.47
27.12
18.91
17.56
19.33
24.95
25.88
26.03
19.04
16.51
25.84
18.68
26.41
16.76
26.87
15.9
17.5
19.46
26.16
29.9
26.79
23.69
27.25
27.7
28.27
28.05
21.95
19.31
16.53
18.85
16.67
23.24
20.23
15.96
28.78
16.0
29.89
27.11
17.33
23.25
22.42
22.61
21.2
16.56
19.36
15.42
24.57
27.44
24.72
21.32
27.73
27.11
15.57
20.42
17.08
27.02
29.34
29.22
26.2
20.26
23.46
23.72
24.49
26.27
25.65
20.92
27.3
17.22
16.27
28.62
22.78
25.85
25.11
27.47
20.43
18.74
18.24
15.93
19.1
28.26
21.55
21.72
21.56
25.25
25.95
20.63
23.49
16.94
27.69
24.48
18.28
23.72
20.87
24.72
15.12
19.69
25.06
22.91
18.64
24.95
27.51
23.09
27.51
23.41
21.71
25.58
16.83
23.27
18.66
28.6
18.43
18.64
17.33
22.81
26.76
15.55
22.5
23.56
17.0
27.74
22.34
15.19
27.85
23.02
18.05
26.03
21.51
15.69
15.85
24.53
27.16
29.89
22.49
22.73
19.71
27.38
21.36
16.14
19.36
19.15
16.87
21.12
23.29
17.1
16.77
22.1
29.69
23.1
15.67
23.14
17.85
27.59
15.63
25.26
24.32
16.51
21.92
26.6
15.09
20.0
18.26
23.74
22.99
15.81
28.58
20.91
25.0
25.46
15.38
26.7
18.61
22.37
21.6
25.61
26.32
19.34
27.56
16.16
29.2
23.73
29.91
16.01
21.26
29.66
16.27
26.86
24.78
27.42
28.4
25.13
26.61
21.63
17.24
24.2
17.61
