8.13
14.27
13.34
10.93
0.91
11.87
7.0
8.66
3.98
5.95
5.54
0.48
9.26
9.09
12.62
11.27
4.11
14.84
2.21
3.32
4.6
12.82
12.11
14.17
12.99
1.08
10.93
1.4
1.68
12.98
2.6
1.51
12.92
1.75
0.03
11.04
4.35
8.17
8.71
9.34
13.31
11.08
9.45
0.06
8.38
2.54
4.34
8.72
11.12
3.02
14.84
3.24
6.14
2.43
3.54
11.15
3.56
5.45
0.0
8.56
3.72
8.01
14.41
11.64
8.66
8.8
8.45
10.16
7.78
0.53
8.39
13.75
8.34
14.1
11.3
1.28
0.62
13.7
1.78
2.93
9.22
7.15
8.58
7.66
7.71
9.62
5.97
4.79
2.81
2.49
2.31
2.64
13.24
12.33
8.92
7.25
11.17
3.99
10.75
12.28
8.5
8.62
8.6
0.97
13.16
3.59
5.31
5.56
6.14
10.51
9.32
3.14
4.99
5.87
8.5
8.37
0.97
0.51
8.8
9.92
12.94
5.57
10.6
0.58
10.7
13.78
6.58
2.77
3.94
6.36
12.05
12.55
7.18
11.77
2.06
4.75
0.89
0.13
2.92
13.56
8.66
7.23
5.25
2.35
7.17
13.46
8.75
7.62
7.62
1.92
13.91
10.16
4.12
1.8
7.15
8.91
9.13
11.9
7.97
10.11
1.3
6.9
8.77
2.79
3.59
9.39
6.09
6.36
6.29
11.12
11.1
1.15
7.58
0.92
6.29
1.1
6.4
8.05
5.06
14.48
14.24
8.9
10.08
8.32
4.84
9.23
1.77
12.73
2.57
7.42
8.01
4.22
2.6
12.31
7.91
9.22
0.04
13.24
9.35
12.69
14.58
9.05
0.41
11.14
12.55
1.05
14.08
14.61
13.8
0.55
14.47
1.2
6.96
4.69
0.41
9.24
6.16
1.38
4.89
1.98
14.2
4.36
13.34
0.72
11.44
2.15
3.6
5.51
0.9
0.15
11.41
11.32
9.11
13.14
8.1
7.88
10.01
1.08
5.93
7.95
9.32
14.84
1.52
8.56
7.96
1.31
0.31
5.68
13.41
10.48
0.12
1.27
7.6
8.42
3.73
14.9
14.39
5.59
0.72
14.0
10.33
11.45
9.62
8.18
8.34
13.44
10.93
6.68
11.44
0.68
3.02
4.02
7.46
7.63
9.76
6.77
3.11
0.97
8.93
2.62
5.09
10.05
4.35
6.78
10.26
5.73
8.92
13.2
4.21
0.42
5.31
10.95
2.83
3.6
5.48
1.83
6.7
12.01
8.64
1.6
0.67
6.67
4.21
12.62
8.32
4.09
2.99
6.89
14.56
4.68
14.85
9.03
5.72
2.06
6.61
4.12
7.16
3.08
7.82
8.9
13.9
10.5
9.21
2.53
11.64
4.9
4.21
0.12
3.07
7.74
3.46
1.38
2.92
1.0
14.28
10.48
9.76
11.86
10.58
5.91
8.51
13.4
5.86
1.65
5.92
3.67
9.6
5.14
0.3
5.81
0.1
3.34
4.96
1.26
14.24
4.39
9.71
8.72
7.95
1.84
9.93
3.28
13.03
6.42
14.63
6.6
4.56
0.68
1.66
2.47
13.0
2.78
4.01
8.46
13.51
3.89
8.39
7.15
14.87
0.54
2.77
3.52
14.46
9.29
10.81
12.75
14.11
13.72
10.31
8.44
2.3
1.56
1.65
10.76
14.67
10.17
8.93
4.92
4.92
10.47
6.82
11.98
13.45
1.83
12.93
14.38
4.65
5.3
3.19
1.72
10.02
5.9
12.59
2.32
6.54
3.9
10.2
12.55
11.13
1.37
5.94
12.59
9.8
14.84
5.25
10.43
7.59
1.5
13.17
6.06
11.67
10.43
8.31
4.42
0.54
4.05
6.54
0.91
2.4
2.39
11.52
13.96
0.1
13.77
14.2
9.23
0.29
1.02
13.29
4.6
12.31
14.87
0.88
7.14
8.55
4.47
1.13
11.57
3.52
7.35
9.23
3.63
1.75
2.83
5.19
3.25
14.8
2.51
2.1
8.15
14.71
5.93
13.32
8.54
11.03
7.48
9.23
2.31
5.05
14.79
1.29
6.84
11.58
1.1
2.43
8.03
12.97
10.81
14.84
9.47
2.26
0.73
1.63
0.51
0.61
7.74
1.19
5.72
3.01
9.2
11.73
6.76
13.45
11.08
8.51
11.44
7.82
8.72
4.57
6.94
5.2
1.89
8.88
5.75
4.49
0.04
13.58
3.19
6.64
10.84
13.52
3.01
13.08
2.46
3.31
8.57
11.37
7.87
11.77
3.82
11.08
8.72
2.83
11.78
6.92
0.6
6.34
1.63
2.32
7.44
10.24
9.28
14.56
9.83
2.77
12.92
5.35
0.85
11.99
10.58
5.27
12.59
2.86
2.98
1.42
13.73
10.05
6.28
6.96
13.52
4.74
8.17
9.27
13.02
13.31
3.73
11.53
12.66
8.21
3.99
10.32
3.69
7.13
9.78
9.98
13.47
14.89
2.03
1.08
1.59
9.19
10.13
1.58
10.26
6.45
12.14
2.47
13.72
14.13
7.81
6.08
10.55
5.21
15.0
12.36
0.19
13.43
1.84
9.61
7.4
1.41
4.71
5.9
7.74
13.7
3.37
4.61
11.97
14.8
3.67
7.69
2.31
12.9
10.81
2.51
1.24
0.63
13.15
10.56
6.66
5.63
6.51
12.11
6.73
9.24
4.62
7.67
8.38
11.34
12.8
12.66
14.07
2.53
4.92
14.8
11.7
11.39
0.6
4.43
1.15
0.43
11.7
1.53
5.98
10.57
12.47
5.18
12.85
1.33
1.43
3.25
5.19
4.14
8.45
7.18
0.93
2.34
6.85
8.61
0.09
7.57
3.8
7.0
8.61
11.25
14.71
7.21
0.5
7.02
6.46
11.5
1.38
12.69
11.11
3.58
7.09
7.25
8.08
5.46
6.71
0.88
0.86
6.24
12.15
0.25
6.39
2.81
8.65
7.65
6.75
2.33
8.24
13.89
4.76
12.54
0.51
9.4
13.48
4.55
2.06
8.78
14.18
5.3
5.93
4.1
2.48
14.06
1.83
9.48
4.82
12.81
2.87
14.01
8.02
7.39
10.11
2.0
13.52
9.17
2.7
8.99
9.88
4.53
5.06
7.98
11.24
0.86
14.18
5.63
14.03
4.09
12.12
12.37
14.96
1.48
3.59
13.48
8.84
4.2
11.48
10.91
3.52
9.82
4.73
9.61
12.33
3.57
7.63
3.92
4.9
2.38
6.75
10.52
13.25
13.34
0.05
5.71
3.5
5.35
4.65
12.55
2.23
0.02
2.02
4.33
7.16
8.55
12.57
4.47
11.64
8.51
2.45
10.05
1.69
4.41
9.09
5.67
6.05
5.75
1.52
0.71
9.48
7.38
5.66
11.4
10.26
12.95
1.89
14.18
13.93
1.37
10.71
0.87
14.29
8.27
9.93
11.58
4.3
12.75
7.78
14.43
7.53
3.97
4.77
13.71
4.09
0.37
14.95
13.41
12.63
5.1
14.17
9.96
0.8
10.8
6.12
2.85
1.74
12.75
0.39
8.09
12.72
5.55
1.23
14.1
9.0
14.48
13.27
12.88
12.95
10.12
14.1
11.98
7.16
2.52
14.42
7.23
14.84
4.73
1.08
7.4
4.41
4.58
11.34
13.27
14.98
8.29
11.69
3.32
6.82
14.98
11.09
1.69
6.97
4.08
13.47
11.68
4.67
5.09
1.92
12.41
0.61
10.74
6.13
4.51
12.1
6.58
0.69
13.54
3.61
11.91
12.87
8.9
5.42
13.43
5.56
0.94
12.25
6.73
13.55
13.15
3.15
10.98
9.89
1.79
3.45
13.79
3.65
2.14
2.72
4.37
3.76
11.25
8.28
9.04
3.87
14.14
9.8
0.16
8.7
1.12
9.06
11.8
12.37
9.28
13.84
6.42
11.23
9.91
4.7
10.87
1.67
5.26
11.84
2.68
11.74
0.13
10.15
11.95
6.09
7.04
13.35
11.17
4.34
9.87
7.69
13.5
9.94
8.46
3.0
2.11
1.38
9.9
9.01
7.87
10.77
0.33
2.13
3.25
9.8
14.41
1.16
6.84
10.49
14.32
6.86
3.12
9.59
11.09
0.57
13.69
2.84
5.91
0.44
1.67
1.66
4.49
7.92
5.14
13.53
3.64
10.73
6.35
0.37
1.63
14.46
12.73
13.28
4.02
4.43
6.86
8.77
0.89
13.16
1.08
1.1
4.6
8.17
10.71
2.25
6.5
8.64
1.97
8.8
14.87
7.49
7.9
5.69
9.08
3.64
8.78
12.64
11.52
4.75
1.59
8.29
6.09
5.25
6.0
0.48
9.82
14.88
7.24
14.1
2.56
4.5
7.41
0.37
10.01
7.56
10.85
0.28
10.54
5.41
0.59
13.62
2.86
9.32
3.67
3.84
8.75
3.12
5.95
5.76
6.13
4.98
5.92
8.85
14.76
2.86
8.62
9.14
11.4
8.56
14.77
4.5
2.52
6.07
3.72
4.59
12.68
11.18
12.36
5.16
14.56
9.07
0.46
13.92
9.53
7.02
4.61
7.07
9.49
5.8
6.5
12.51
2.82
4.69
6.58
7.95
1.26
7.12
0.87
11.64
4.48
11.56
5.77
8.19
10.17
14.67
0.93
9.64
14.86
1.38
5.09
10.91
4.51
3.91
10.12
1.58
4.77
13.99
4.77
11.99
2.41
6.46
14.76
5.8
4.5
0.47
0.69
3.65
3.97
2.55
6.63
11.08
0.7
10.34
4.52
5.57
2.2
0.67
3.46
10.86
4.65
4.9
10.79
4.17
8.79
13.69
5.52
13.86
13.01
14.14
11.25
9.37
6.16
14.15
5.86
4.2
8.86
10.12
4.13
1.03
1.78
12.96
11.91
8.56
5.51
1.87
6.71
9.94
9.92
9.98
4.69
9.87
3.2
13.59
4.27
1.8
4.35
13.72
10.27
3.7
10.37
9.6
12.66
13.21
9.65
10.91
3.76
7.46
2.79
5.5
9.8
5.44
8.98
10.08
7.98
0.53
8.18
12.02
5.38
7.99
13.38
8.09
8.88
6.64
4.68
4.48
6.02
5.04
12.48
9.7
0.21
6.1
6.09
11.66
14.27
12.21
2.95
0.04
5.74
5.89
11.16
9.17
7.17
0.68
4.44
1.72
5.63
14.12
9.22
10.38
9.36
5.66
7.61
10.24
12.22
7.87
