13.53
3.31
12.43
1.03
11.55
7.27
3.11
13.21
1.58
8.66
0.74
7.24
9.57
2.77
5.75
2.88
11.85
3.11
1.02
2.71
7.92
1.2
4.14
2.07
10.83
2.09
13.66
12.73
13.15
11.64
2.73
7.3
10.48
13.97
0.88
11.37
2.6
9.44
12.91
5.45
10.63
2.85
0.35
5.89
10.13
11.82
8.95
12.1
7.37
12.1
4.66
9.59
10.88
12.48
9.14
14.1
7.27
9.03
5.84
10.37
5.34
14.16
0.43
7.98
3.81
4.63
13.85
0.18
3.92
8.14
6.04
12.17
0.03
14.5
12.74
11.0
1.81
8.1
10.95
2.65
7.44
1.16
3.79
2.93
7.09
1.99
13.11
3.67
14.24
4.0
5.95
14.7
0.91
14.08
7.45
3.07
8.25
13.46
11.69
4.07
14.64
6.64
9.07
3.91
7.94
14.27
8.0
14.57
8.43
5.71
1.25
10.39
11.99
14.36
11.28
13.58
7.81
9.18
5.99
11.06
8.61
9.85
10.2
8.57
13.29
4.16
12.55
9.81
0.67
7.03
5.2
10.12
3.11
6.79
0.93
2.5
11.4
5.26
6.92
3.92
10.91
2.17
14.61
0.79
14.18
5.49
1.23
11.75
11.32
11.03
12.0
8.17
6.77
13.81
12.86
11.14
13.09
0.58
1.27
10.08
13.48
5.31
12.72
13.17
14.2
4.12
8.72
8.2
10.64
14.54
3.48
8.74
10.48
7.56
14.18
2.19
14.92
12.57
0.21
6.05
3.2
6.16
11.41
0.61
5.78
11.3
13.85
12.77
7.58
7.0
2.69
8.64
6.21
7.55
12.43
13.49
10.62
13.48
13.61
2.25
0.74
2.98
13.76
3.97
6.18
13.86
10.57
0.09
14.71
13.2
13.39
4.73
4.95
11.8
12.78
9.84
9.75
1.15
2.04
7.68
10.31
11.83
6.36
0.01
12.07
9.29
9.87
5.18
3.72
10.79
13.92
8.35
0.74
13.88
8.14
6.61
13.72
8.36
10.68
1.07
11.51
5.67
5.23
3.93
11.11
0.85
4.16
5.06
12.8
2.02
5.93
12.24
6.66
0.47
4.56
12.34
3.92
8.78
8.33
13.3
6.63
13.36
10.72
3.88
14.9
9.89
5.96
0.39
1.97
7.93
6.7
12.14
9.9
7.37
4.84
13.14
4.94
6.92
10.6
10.28
3.41
5.55
7.14
3.69
7.96
4.27
6.77
5.14
6.49
5.02
11.67
4.75
10.32
12.08
2.25
2.42
2.32
10.8
4.05
9.25
3.73
3.37
14.97
14.61
5.66
3.36
0.99
11.3
13.77
4.6
7.07
13.17
11.97
4.97
0.69
8.04
13.43
2.31
14.22
13.42
6.02
0.99
9.34
12.15
13.43
5.67
2.47
11.46
6.96
10.51
5.99
1.1
7.61
7.97
4.01
13.03
14.6
3.97
13.02
9.09
0.42
14.46
6.31
0.28
4.29
12.92
2.32
12.59
3.23
1.09
13.18
1.9
12.11
4.3
2.47
13.93
9.19
10.24
1.21
13.31
9.2
11.1
4.84
6.79
13.24
7.06
13.2
5.15
0.32
3.3
3.85
2.63
2.66
2.76
12.9
13.58
5.56
3.58
4.57
4.43
13.98
6.52
0.04
3.97
3.71
6.07
14.03
0.12
8.17
2.55
9.69
11.5
11.21
12.13
13.16
14.02
9.51
11.75
9.94
12.48
14.79
2.38
5.4
2.26
2.09
8.02
14.55
12.53
10.57
11.97
4.25
10.55
5.21
6.62
12.7
13.77
6.81
12.98
8.53
7.78
2.53
14.12
10.02
13.19
3.33
5.1
9.25
8.42
10.99
5.24
5.3
0.0
2.18
1.6
4.57
9.02
1.58
7.12
5.35
8.9
8.38
12.62
0.57
9.51
1.13
4.26
1.06
9.43
4.49
6.87
10.33
1.0
12.45
14.14
8.39
6.48
14.3
8.37
11.15
11.19
13.09
2.37
9.19
5.46
5.65
8.24
1.42
9.82
5.84
10.33
3.47
6.43
8.18
8.49
2.76
12.84
2.22
7.25
2.19
4.3
2.77
13.04
6.18
3.4
8.16
2.3
4.03
6.42
2.64
11.94
10.32
14.26
0.5
9.97
3.83
9.44
9.95
12.57
7.82
7.28
2.95
14.32
12.77
9.96
10.4
5.38
12.43
2.2
10.88
14.25
4.77
8.96
9.12
1.68
8.94
9.14
1.58
2.61
13.31
6.82
8.62
10.39
0.99
2.4
12.6
7.81
11.17
2.82
9.64
1.99
9.42
0.64
13.03
11.13
1.08
13.35
14.51
9.69
8.48
11.02
2.95
9.97
4.65
3.47
8.96
9.97
8.93
14.19
3.92
0.04
2.56
7.82
5.79
2.79
6.65
4.11
12.43
10.98
1.17
0.66
8.16
5.06
3.65
8.9
13.91
7.98
13.01
6.67
2.33
13.36
0.33
9.29
2.21
9.61
5.48
4.98
13.48
8.37
10.28
6.87
10.94
6.31
4.21
11.92
12.8
9.55
4.46
13.28
8.55
3.48
9.87
6.8
4.11
9.28
6.03
1.92
6.5
12.06
3.1
11.69
3.95
5.38
13.23
10.45
7.41
12.73
9.49
8.65
4.16
9.55
4.15
0.44
12.04
6.15
5.39
14.78
2.35
1.2
0.5
5.18
8.72
6.87
3.66
5.56
7.27
6.66
14.88
12.69
7.54
6.95
11.56
3.32
4.42
14.2
13.67
10.11
2.56
2.63
14.16
1.62
4.2
8.75
10.01
7.96
11.84
3.41
4.09
5.43
2.3
6.45
2.44
2.86
2.3
0.21
7.83
6.45
8.65
5.77
4.53
10.94
1.92
13.23
3.98
3.12
5.24
13.65
11.26
2.32
7.04
10.63
1.94
8.99
10.94
7.72
5.13
0.44
5.49
11.14
14.81
13.32
1.6
11.89
11.76
2.04
6.7
0.83
7.1
13.48
11.54
7.66
3.76
14.01
0.3
10.58
0.74
3.57
14.25
5.07
12.73
5.06
6.64
3.33
2.68
8.07
1.4
10.57
14.06
6.95
9.06
4.97
4.0
7.0
2.63
7.82
7.09
13.72
0.23
8.76
14.73
8.77
10.58
2.32
12.24
2.56
14.5
9.18
6.58
3.62
9.45
3.28
1.8
2.89
0.37
10.59
9.55
7.81
5.44
14.45
9.28
7.85
6.99
0.44
13.16
2.01
3.22
3.49
3.46
4.82
1.62
6.81
7.51
11.39
12.15
0.43
4.96
0.71
10.9
0.21
10.03
14.56
4.21
8.31
2.12
11.94
14.65
10.29
10.11
10.7
8.59
12.46
6.79
6.22
6.07
14.74
8.04
0.81
6.27
5.8
11.76
5.46
5.68
2.9
13.25
4.77
12.63
10.27
4.73
7.38
1.46
14.49
1.03
9.3
14.12
4.65
10.73
14.27
11.5
10.21
4.47
10.43
9.36
11.95
12.65
3.66
3.02
12.22
13.81
8.22
1.48
4.92
14.05
3.24
7.08
11.7
5.23
0.2
7.63
11.06
4.0
10.42
11.99
8.44
14.59
14.67
9.66
5.32
11.7
0.66
10.7
2.42
2.03
10.36
4.72
10.37
3.54
5.37
9.28
13.52
7.1
3.84
7.83
9.18
5.58
12.66
1.4
13.25
4.63
6.7
9.58
8.23
10.8
1.21
13.62
12.07
9.77
9.38
5.71
5.38
1.31
12.61
0.95
4.3
8.94
11.87
3.34
8.71
8.58
7.23
0.27
12.47
11.21
11.41
2.64
11.36
11.94
3.46
3.33
5.1
7.43
0.98
2.37
4.36
10.86
6.41
1.37
2.6
1.89
14.26
11.7
7.51
0.09
1.23
5.35
6.77
7.27
4.65
1.15
6.39
9.12
7.69
0.38
12.29
14.24
1.9
5.67
11.73
6.32
0.16
10.12
13.62
11.39
3.95
14.54
7.94
10.69
8.54
2.64
4.24
12.96
4.11
0.64
11.68
0.25
1.27
5.59
5.99
7.16
4.79
1.89
5.44
13.26
8.67
14.1
6.76
10.62
12.01
6.97
10.71
13.92
6.76
12.73
7.49
2.48
1.77
10.33
9.59
8.74
10.2
5.59
14.87
7.7
5.86
13.64
10.66
2.04
7.96
13.34
4.39
3.86
6.68
11.58
6.87
9.33
7.13
13.21
7.76
3.63
6.47
3.13
2.68
3.0
13.95
14.11
11.11
5.04
7.63
14.29
0.59
2.5
12.19
7.9
5.09
6.01
9.33
13.82
1.51
8.75
6.71
5.27
3.16
10.51
11.76
13.26
5.71
10.36
10.87
10.38
1.93
7.31
13.72
3.29
6.19
6.51
4.55
8.29
11.77
14.82
2.22
0.45
12.85
11.46
9.01
13.65
8.93
13.73
5.45
7.32
10.18
1.2
2.29
9.57
10.02
3.08
13.35
8.72
9.21
11.38
8.52
0.12
4.99
12.25
0.32
14.31
11.12
2.69
3.01
2.73
7.47
11.65
0.8
0.75
0.95
10.64
1.03
12.96
7.45
10.38
5.57
9.9
5.01
4.32
4.63
8.76
10.27
0.01
0.78
8.03
5.47
11.03
10.26
6.56
1.76
0.68
13.93
1.08
14.36
5.64
3.02
5.39
9.09
9.05
4.72
13.12
14.81
14.26
1.34
12.3
14.02
12.3
2.59
9.81
8.51
0.89
2.23
1.43
3.54
3.2
0.75
14.88
5.96
11.51
1.62
10.88
7.0
1.42
7.27
10.04
2.91
14.82
3.57
4.89
8.88
11.0
6.04
11.87
3.32
2.75
3.85
0.47
3.67
7.32
3.58
7.33
5.34
12.69
13.42
6.03
11.44
0.27
0.12
4.43
1.79
2.81
14.05
1.16
9.39
0.34
7.1
9.14
13.43
3.25
14.17
6.41
1.06
8.55
11.54
5.95
2.49
13.1
6.55
13.53
10.32
10.27
9.31
2.6
4.08
3.59
7.98
10.5
6.89
6.13
2.58
8.52
8.52
1.29
13.01
12.39
2.23
12.34
4.18
13.84
10.1
8.58
3.15
7.45
10.53
13.17
4.94
13.57
8.11
14.81
0.98
5.57
14.65
7.29
4.06
5.72
11.68
0.48
11.6
1.52
2.02
5.98
7.55
11.86
0.12
9.33
2.53
13.2
8.93
14.92
10.11
11.33
8.75
0.22
14.14
0.07
14.63
6.58
6.27
