5.59
14.4
13.0
14.35
4.0
3.63
3.02
10.96
14.17
4.57
12.8
2.79
0.39
3.61
12.62
11.7
8.38
5.67
9.59
4.6
8.36
14.46
14.74
2.96
0.75
1.43
11.41
6.89
1.2
14.7
14.18
2.92
0.31
9.28
13.02
5.61
4.54
12.75
4.29
11.41
7.77
13.58
15.0
8.21
0.75
5.69
6.16
12.7
5.27
13.2
3.14
14.7
1.96
4.4
3.37
8.05
4.62
0.05
11.31
14.05
9.28
10.59
6.18
3.75
5.64
12.74
6.59
4.16
0.05
0.07
2.88
13.44
7.61
9.55
7.72
10.69
3.75
8.62
2.38
0.87
1.69
1.08
5.19
14.19
12.92
2.88
7.86
5.78
7.68
13.45
1.52
11.8
6.01
7.29
7.48
5.04
3.38
6.59
11.38
9.4
8.3
4.91
5.22
3.16
7.03
3.39
13.18
4.54
4.92
11.82
8.8
7.0
4.77
12.89
2.46
14.39
6.83
13.05
0.34
0.85
1.98
0.83
11.68
1.38
7.47
10.0
11.98
11.8
10.8
13.11
12.36
11.23
3.3
13.86
6.12
5.35
9.86
4.16
12.49
9.54
12.35
1.46
13.78
2.4
10.51
12.53
14.67
5.86
3.6
0.95
1.48
11.68
7.18
4.58
3.11
9.37
8.23
1.77
1.97
1.09
11.63
9.59
14.2
7.47
12.42
12.58
2.93
10.61
10.89
14.08
11.03
14.47
8.73
4.17
5.0
0.29
0.09
8.83
6.94
12.17
4.26
12.14
11.59
7.9
2.33
3.72
12.59
2.67
0.34
11.23
8.74
12.21
2.01
3.63
1.25
12.34
8.17
7.48
12.32
11.71
8.25
2.77
9.02
10.07
7.98
11.66
8.62
12.07
13.08
8.07
14.46
6.84
11.83
8.04
9.28
0.0
5.09
14.17
0.25
2.04
1.26
9.65
4.5
3.15
13.31
5.57
13.68
5.96
6.83
2.74
0.97
8.97
5.44
5.15
5.89
13.37
8.5
8.7
1.73
4.41
1.88
10.77
5.24
11.76
6.03
2.61
6.66
2.03
13.43
2.61
2.44
4.61
11.13
13.73
10.84
9.0
5.6
1.94
8.94
7.43
5.14
6.33
6.8
8.62
3.12
0.07
1.87
0.73
5.88
12.89
5.29
6.42
12.49
9.88
8.81
10.85
1.31
4.91
14.1
11.59
10.81
1.69
1.42
13.38
11.65
12.29
3.91
11.02
14.67
5.53
7.69
6.15
1.84
12.73
14.91
10.67
7.25
8.19
6.64
11.96
1.15
14.98
11.75
0.1
2.95
14.9
12.59
9.53
13.23
12.4
13.63
6.45
12.56
3.97
3.35
13.6
3.23
12.65
7.72
8.61
2.28
12.1
7.92
3.92
14.29
1.42
7.59
9.05
4.28
1.58
0.77
2.88
0.59
9.41
10.88
14.0
4.33
5.21
2.68
10.92
12.53
5.68
1.38
5.53
3.19
3.6
11.68
5.42
10.76
6.45
11.72
7.33
6.19
3.34
2.93
5.93
7.89
5.5
13.92
6.77
2.11
6.53
9.36
14.39
2.01
11.34
5.59
14.22
8.07
3.46
10.84
11.33
1.67
12.97
2.24
2.62
4.16
12.62
2.46
1.18
6.34
2.95
6.1
1.53
13.2
13.85
0.28
4.56
2.0
11.58
0.1
3.37
14.31
3.79
6.96
13.01
1.95
11.68
9.33
7.37
13.75
1.86
8.61
13.67
12.96
8.56
13.58
10.22
3.4
8.92
3.13
1.19
12.87
0.15
8.17
8.31
0.2
4.72
6.33
11.27
9.04
13.78
10.6
4.28
4.62
2.85
0.73
0.71
3.93
2.93
9.73
7.08
11.18
3.73
10.93
14.96
1.17
12.72
7.98
3.81
3.11
12.35
0.14
1.85
14.65
3.33
4.44
3.23
5.07
11.12
2.62
11.83
12.45
10.54
14.24
14.6
14.66
3.69
14.84
6.94
12.04
9.95
1.46
10.92
11.4
14.7
0.99
1.1
5.35
12.33
13.35
10.15
14.87
0.62
13.22
1.37
5.21
8.78
4.89
8.13
1.2
14.71
0.91
6.65
10.72
10.45
12.07
4.38
2.73
5.13
12.94
8.39
8.59
7.06
14.69
4.5
3.59
13.84
10.11
0.76
3.25
5.01
13.71
12.16
10.6
10.8
2.31
7.63
11.71
4.47
0.94
8.27
9.42
6.02
13.18
9.95
2.63
7.38
0.12
12.42
9.86
3.66
3.34
2.18
11.42
8.88
1.91
4.76
5.19
13.1
9.04
10.42
4.85
7.09
3.64
12.63
2.15
1.5
11.41
9.61
7.83
0.62
2.09
0.24
11.73
0.51
12.39
8.07
4.02
3.43
1.37
7.58
8.68
1.04
8.83
2.91
1.69
3.2
3.17
7.71
8.8
5.84
6.79
4.91
8.0
8.73
2.43
0.35
8.18
3.48
0.89
14.6
8.42
3.56
9.78
3.94
1.27
8.23
0.27
7.18
14.93
7.01
14.73
1.75
14.3
10.32
12.95
2.1
14.48
4.53
5.64
7.8
6.21
5.2
1.76
12.41
4.53
10.9
11.43
12.86
8.3
10.99
1.97
7.2
13.57
13.04
9.65
0.82
4.08
12.37
11.96
13.14
3.46
0.37
4.78
14.36
4.48
7.2
1.26
12.69
6.59
5.0
7.27
10.14
6.69
7.92
11.67
7.0
13.7
5.92
12.23
4.08
10.01
8.76
2.38
4.83
13.16
8.67
8.77
11.03
1.58
2.95
5.08
4.91
6.79
11.77
7.89
12.0
11.37
6.53
5.84
5.44
10.85
8.21
12.73
11.74
13.72
4.33
14.05
12.58
13.23
5.13
11.02
14.84
10.16
6.31
6.12
1.12
12.83
9.31
11.07
3.5
3.74
1.38
1.18
10.01
13.31
11.07
6.19
6.68
9.9
7.04
2.09
10.33
11.3
1.85
11.79
1.1
10.26
1.76
10.44
0.99
10.81
13.62
3.91
3.5
9.42
14.46
13.09
6.44
14.53
12.36
14.73
4.25
14.4
0.45
5.52
12.77
8.03
6.64
12.56
14.7
6.46
5.76
5.51
10.47
8.4
7.17
10.98
7.51
2.23
10.96
12.06
9.86
1.1
8.54
13.19
6.29
0.71
5.76
1.97
0.26
12.54
2.57
7.94
10.73
5.77
0.99
0.93
7.02
9.58
6.55
4.32
3.64
1.81
1.21
9.85
12.69
4.73
3.61
10.7
8.59
8.82
11.91
10.41
10.02
0.68
1.87
1.87
3.51
5.86
7.21
12.54
14.88
2.9
4.82
3.56
3.68
6.16
3.29
1.84
14.6
13.6
3.14
8.45
10.21
3.17
4.53
10.07
3.44
6.37
6.02
4.69
6.23
10.34
2.59
12.84
1.26
5.34
2.06
11.37
11.19
4.5
0.77
4.33
6.47
7.26
9.19
5.38
6.52
9.89
5.23
8.87
6.28
4.11
6.87
7.06
9.1
11.46
7.72
4.99
10.37
6.2
4.37
14.53
2.25
4.19
13.87
5.46
11.01
0.16
2.64
11.75
6.97
9.03
3.33
12.77
2.87
13.12
12.38
3.18
8.76
12.59
7.16
11.2
2.1
5.76
11.63
3.96
5.94
1.04
1.93
2.97
9.39
10.94
14.85
5.68
3.06
7.93
3.71
10.64
1.57
3.82
8.22
3.48
12.02
8.14
1.66
0.46
12.28
1.95
3.88
8.32
8.09
1.04
4.98
5.54
13.45
2.37
2.51
9.01
8.97
6.77
7.82
3.5
10.05
6.28
12.02
0.04
4.29
8.33
8.42
6.51
0.94
14.18
14.53
3.52
12.08
14.51
12.06
1.12
14.72
5.37
4.5
11.49
14.1
3.67
13.1
5.84
13.87
1.56
9.31
14.73
2.69
13.19
11.89
0.85
6.77
14.73
3.04
13.26
12.63
12.24
14.05
8.89
9.11
9.9
14.67
1.35
0.23
7.34
8.61
0.21
10.94
12.34
4.65
9.04
0.78
12.15
13.23
11.75
13.81
12.68
10.4
3.35
12.42
6.77
11.03
10.69
13.46
7.26
9.7
14.2
6.33
4.61
1.25
5.34
10.63
3.97
0.07
12.96
10.18
12.05
13.51
4.58
3.87
10.92
0.45
1.56
12.06
14.83
6.22
12.72
0.31
1.03
14.26
12.53
13.18
9.87
0.02
13.9
7.61
10.57
7.05
10.46
11.02
12.59
10.94
10.56
1.85
9.42
10.78
0.23
1.64
5.53
14.62
14.71
9.69
13.92
11.66
7.79
1.51
13.27
9.29
6.22
1.72
14.07
8.35
13.09
3.44
10.47
5.47
8.59
11.9
6.13
14.71
2.49
10.08
4.0
2.24
2.61
2.35
10.83
8.96
7.94
1.4
3.22
7.79
10.32
2.6
2.96
13.17
2.12
4.14
4.9
7.27
2.13
2.89
12.52
11.77
3.89
11.62
5.27
6.3
12.89
1.95
0.67
6.0
2.54
9.96
3.55
10.08
4.91
11.45
12.69
13.0
9.03
14.11
1.29
12.63
0.04
0.28
10.85
4.38
13.84
14.39
7.21
11.81
14.38
13.61
13.68
6.96
0.45
6.05
14.5
11.44
12.37
5.83
4.71
14.08
0.02
7.44
7.58
2.98
14.57
3.82
4.7
11.16
12.4
12.92
3.4
8.07
6.94
12.71
14.8
10.29
7.11
13.68
8.47
0.31
5.01
3.69
6.44
7.88
2.59
2.76
14.02
1.89
6.63
11.53
1.03
2.83
12.9
11.21
5.13
8.87
8.43
2.82
13.5
10.04
1.19
8.89
14.48
14.16
12.26
1.17
5.93
3.9
10.26
12.81
12.9
13.4
8.79
4.96
2.0
0.91
12.28
2.55
6.81
14.83
1.98
10.07
10.45
14.26
13.1
0.87
11.4
9.35
3.49
9.94
14.59
6.72
8.65
8.56
6.94
12.27
1.47
0.54
5.88
7.2
9.29
4.28
10.26
6.36
9.85
0.47
5.86
7.96
5.36
5.0
10.88
3.18
0.03
5.38
0.5
2.34
12.33
0.09
1.26
5.98
8.91
1.38
1.1
13.98
5.66
0.07
10.34
7.28
11.04
3.95
1.14
11.31
8.11
12.08
5.37
6.63
5.03
11.46
9.89
8.94
7.13
10.87
6.38
13.8
8.67
5.85
4.23
1.54
6.56
14.81
