6.62
6.83
11.61
3.12
6.48
4.49
9.09
7.17
1.04
11.26
2.89
6.94
6.32
12.94
3.11
4.56
1.83
1.87
7.14
10.55
14.77
7.45
2.01
13.32
4.07
14.66
8.56
1.97
12.44
12.38
5.9
7.96
13.46
1.83
12.36
14.0
4.79
7.18
0.37
11.32
10.25
7.46
8.85
4.06
1.37
13.41
2.67
2.21
2.53
7.36
13.83
11.62
9.85
14.34
13.19
11.0
10.26
14.41
8.24
1.31
11.46
13.68
0.51
2.93
2.19
12.05
10.43
13.98
13.56
14.85
10.09
13.16
7.99
8.13
11.96
6.47
14.87
2.47
4.92
11.85
7.36
0.6
9.9
0.27
3.49
4.27
3.45
0.68
7.01
2.83
5.8
10.1
12.53
7.32
12.87
10.88
3.26
7.08
3.7
7.84
2.54
9.13
6.01
2.99
4.9
0.98
1.18
6.92
12.87
8.11
6.63
12.77
10.71
10.49
6.67
11.36
13.99
2.41
4.78
4.14
7.2
13.75
5.8
2.71
9.67
2.41
7.96
3.35
2.93
1.04
4.52
9.74
2.85
5.2
3.1
5.02
3.25
10.17
0.57
14.98
7.84
3.28
2.47
3.1
8.04
4.23
0.93
10.72
13.56
13.26
9.68
4.47
0.22
7.14
8.71
10.35
8.31
8.28
10.78
2.32
14.38
4.53
5.3
1.79
6.53
3.19
14.5
9.25
10.65
11.28
14.59
10.69
0.91
6.03
7.4
1.39
10.16
7.76
6.57
13.87
3.65
14.38
4.96
7.24
12.1
3.92
9.19
1.23
1.26
2.53
10.48
7.08
9.47
13.7
11.91
11.23
2.92
9.84
8.67
0.35
8.79
4.39
6.95
6.49
6.08
10.98
3.31
7.24
10.17
8.56
1.08
14.01
14.05
6.14
3.16
10.94
7.65
8.99
12.19
9.43
11.72
4.08
10.56
8.54
8.65
0.52
9.41
7.99
4.7
10.87
3.78
10.98
6.23
4.44
3.26
6.43
9.86
4.84
11.48
8.02
14.97
7.39
13.61
13.63
13.29
6.14
3.72
1.59
6.06
14.24
0.39
8.28
2.69
7.42
10.62
14.29
5.79
1.26
14.71
5.78
10.2
7.14
10.03
9.41
3.1
8.15
10.89
4.66
1.8
4.41
14.43
1.35
10.04
8.79
13.22
6.65
10.89
7.71
2.61
14.56
4.29
12.91
5.13
1.42
14.43
8.69
3.58
14.0
10.23
0.64
7.38
1.07
0.62
12.96
13.72
4.74
4.76
0.02
12.07
3.18
6.38
9.05
1.06
7.83
11.53
8.33
7.68
6.6
8.15
4.05
1.89
4.38
12.97
11.52
7.02
1.43
11.32
9.57
2.53
10.5
10.47
9.95
14.8
13.45
1.86
2.53
1.64
4.02
11.69
11.64
11.53
9.83
7.1
6.58
8.71
8.8
9.23
11.12
3.35
14.39
8.85
10.08
9.4
3.5
5.94
12.38
10.84
7.38
4.85
10.3
7.52
0.33
6.82
8.87
10.8
3.69
11.12
3.98
9.09
14.77
5.8
5.13
3.53
10.12
11.78
3.89
0.06
5.4
0.85
5.02
4.39
3.43
11.66
8.57
9.0
2.07
11.86
5.69
11.06
11.75
6.5
2.27
2.64
8.78
1.37
0.09
10.01
9.21
9.49
7.79
10.58
11.29
4.29
3.48
3.45
10.84
1.06
14.79
7.77
1.29
3.84
10.07
1.05
3.62
6.23
1.9
10.26
11.8
11.34
5.7
3.97
13.52
4.76
12.59
10.05
14.34
9.68
9.68
6.35
5.54
7.02
1.68
10.11
10.37
6.79
0.58
6.37
14.75
11.03
2.13
7.81
13.13
5.32
2.01
3.8
2.24
9.08
3.13
3.16
10.87
11.7
0.33
8.7
7.87
10.22
4.25
7.67
1.98
10.48
10.55
12.41
9.86
2.02
4.13
2.03
1.89
9.75
3.22
5.01
2.78
5.66
11.63
7.49
3.44
9.85
5.51
13.31
2.17
14.66
8.94
8.17
2.38
14.75
9.54
14.61
3.63
2.71
13.58
13.27
11.21
12.04
10.99
6.04
14.76
8.09
5.15
5.8
2.43
4.56
11.37
8.07
14.76
14.82
4.28
3.85
8.73
1.23
13.69
3.71
7.77
5.76
0.0
14.73
8.03
12.65
12.2
6.38
1.5
0.39
10.47
4.81
3.45
14.33
13.3
4.9
0.88
2.49
2.91
11.43
0.48
8.67
14.51
2.21
3.98
2.95
14.9
11.77
13.88
0.21
14.39
1.36
7.22
0.07
8.49
11.4
10.87
7.99
8.4
4.34
4.23
6.71
3.87
10.2
6.76
6.98
4.75
4.4
14.41
6.39
1.84
9.56
13.05
1.96
9.97
7.69
9.98
9.2
13.95
4.49
10.93
8.32
10.38
14.08
3.17
6.16
2.44
5.82
10.48
9.67
0.53
8.51
0.93
5.72
5.82
2.65
5.49
6.05
4.38
5.04
11.88
0.3
3.32
0.71
0.22
8.73
9.53
10.15
0.83
12.45
12.08
14.77
0.21
14.28
10.22
14.67
2.73
1.32
2.77
3.21
11.66
13.99
2.99
14.16
8.36
4.61
9.62
12.24
0.74
3.81
1.9
9.23
3.18
12.62
12.12
11.53
2.71
10.25
5.44
6.66
3.68
11.69
13.01
7.52
11.18
7.13
9.29
12.62
3.58
6.8
5.94
9.82
2.91
14.52
11.67
4.91
14.22
6.21
7.36
6.48
2.37
12.98
3.91
7.37
5.68
7.8
0.05
10.61
6.92
5.17
9.97
12.54
0.24
9.17
5.38
8.7
3.4
12.73
9.61
2.69
3.03
14.9
9.68
5.37
12.94
2.86
11.49
11.93
2.81
13.74
10.19
14.36
7.74
13.15
10.21
9.79
3.76
10.38
14.49
3.82
3.87
4.33
12.74
1.89
7.0
12.98
10.81
4.58
1.55
0.95
1.28
1.31
12.61
5.83
2.33
14.65
9.17
4.5
4.89
1.43
11.48
12.36
6.77
13.78
10.21
2.53
11.31
9.12
1.65
7.04
2.2
12.83
11.87
14.21
13.07
3.79
5.44
7.48
10.8
6.22
3.19
0.84
6.71
6.28
9.41
14.72
0.27
2.68
6.7
2.34
0.96
11.34
9.26
8.18
5.94
3.54
1.65
10.05
5.09
11.85
9.93
13.14
3.31
6.0
3.81
5.23
7.89
0.05
2.18
0.49
0.85
9.59
3.13
7.6
7.34
12.47
7.1
13.73
3.33
5.03
3.61
12.52
4.02
7.5
5.76
4.9
2.03
12.28
12.22
11.45
12.37
3.47
0.1
7.6
11.94
10.11
5.3
9.87
7.25
12.31
3.14
6.63
10.84
9.55
4.76
0.41
14.71
0.34
12.13
3.07
12.41
11.07
6.85
11.83
8.75
3.1
4.04
7.96
8.19
2.25
6.86
12.74
0.18
10.53
12.16
11.51
7.13
3.88
0.33
5.22
8.5
0.56
4.43
11.6
2.57
4.1
6.85
6.53
11.41
3.96
12.39
8.14
5.94
9.08
11.41
12.62
5.62
12.7
9.95
2.8
0.04
1.12
12.27
6.66
4.29
1.87
13.81
14.36
2.82
13.96
10.08
2.77
4.55
3.28
10.89
5.17
13.0
11.37
2.95
3.72
5.36
10.0
8.27
7.71
2.25
7.98
4.98
5.55
13.94
6.97
6.65
6.58
7.18
1.94
8.62
11.63
4.33
12.53
1.04
14.38
5.22
0.96
1.54
14.28
2.51
1.1
10.94
3.34
12.86
2.99
5.75
4.79
8.57
8.23
3.45
8.24
14.97
14.42
3.68
12.03
1.31
0.88
2.68
13.96
2.11
14.68
6.63
13.66
7.82
10.87
14.74
13.59
9.37
13.76
0.82
6.31
1.78
7.35
13.26
3.73
7.11
1.91
14.55
7.31
5.43
14.72
11.35
2.67
2.75
3.33
5.02
11.54
14.65
10.45
12.9
4.62
3.08
5.83
4.14
11.55
5.74
13.78
7.73
1.99
9.26
10.31
0.46
10.71
5.88
7.89
14.6
5.83
5.43
10.56
3.21
11.03
10.67
1.57
10.23
12.42
3.63
14.14
14.11
13.75
7.21
13.34
9.87
12.6
1.12
13.19
0.78
5.56
4.63
9.45
13.1
14.71
10.55
3.27
4.68
2.24
14.72
0.91
11.56
1.85
10.35
5.62
1.83
3.05
3.01
6.34
10.5
6.58
12.9
7.87
2.45
14.14
14.28
10.81
8.85
10.94
13.71
4.57
6.99
5.68
1.74
0.82
9.0
6.83
5.97
12.68
0.26
0.54
2.84
6.16
2.83
0.78
1.29
6.19
11.72
11.77
5.65
11.77
6.58
5.96
12.27
2.24
0.96
1.2
0.77
5.41
8.23
2.2
11.51
10.98
8.77
8.74
10.72
7.46
4.9
5.72
8.66
14.29
13.58
1.34
10.07
5.49
9.53
1.13
9.97
12.97
10.22
10.34
6.82
5.61
10.3
14.4
10.52
13.24
9.17
14.84
2.29
14.75
13.38
0.86
0.73
7.41
9.07
0.65
10.19
7.91
14.91
10.72
5.32
1.28
11.98
6.84
6.36
2.4
4.02
4.85
11.65
10.94
6.21
12.76
2.88
9.58
3.52
10.69
2.94
12.2
13.36
0.73
4.71
0.07
12.34
6.26
8.51
1.82
8.97
4.7
12.62
0.73
14.35
2.9
8.26
6.34
8.08
3.5
5.82
13.06
12.21
4.35
9.75
11.28
7.71
0.25
0.99
11.49
3.78
5.21
0.29
0.93
11.35
11.1
4.86
11.28
2.88
1.56
13.78
9.69
10.21
4.47
2.83
3.63
8.52
9.7
13.49
12.21
4.72
14.22
10.08
3.79
6.33
5.59
6.32
12.44
4.19
0.08
7.68
10.41
1.56
5.39
12.95
2.1
4.36
2.56
7.46
6.45
12.79
1.51
9.11
3.03
2.85
11.05
1.42
13.66
0.36
10.17
3.56
7.32
2.49
13.03
3.62
8.81
13.37
6.01
5.82
11.96
7.23
11.74
7.37
5.46
3.24
14.9
11.66
8.91
4.7
1.1
4.52
13.28
0.09
5.68
2.14
5.0
13.72
7.63
5.79
11.25
10.99
7.86
6.52
5.11
1.81
10.34
1.04
1.65
7.83
14.41
1.28
2.48
1.89
