12.87
13.54
2.84
10.18
1.74
8.47
5.42
1.98
8.19
3.07
11.42
12.52
1.08
0.73
13.46
9.73
5.06
8.84
7.11
8.67
9.53
12.39
8.18
6.48
6.28
14.01
4.58
6.25
5.57
2.57
1.26
8.35
4.87
0.75
8.33
0.37
4.98
10.44
5.24
1.48
1.82
10.32
6.02
6.11
12.92
6.97
3.59
7.72
1.83
2.18
14.48
9.23
10.49
0.52
6.54
1.12
13.47
3.64
5.22
13.35
5.16
9.52
1.53
0.05
7.89
6.03
5.74
6.69
3.78
8.07
3.12
11.44
6.5
11.08
9.26
0.59
8.09
13.52
9.56
14.51
3.06
10.82
9.55
14.86
4.12
9.38
5.27
3.91
11.0
7.29
8.53
2.44
2.38
7.9
1.63
4.16
10.06
3.25
13.11
9.97
4.96
3.25
5.57
8.65
12.03
11.91
7.87
5.77
5.03
6.07
14.48
13.01
11.37
14.95
4.67
8.79
10.94
1.27
4.2
11.24
3.81
8.07
6.53
1.96
2.16
14.35
0.81
4.74
6.28
1.01
1.31
8.03
0.84
12.51
8.01
10.4
13.72
13.69
12.59
7.87
13.22
1.04
2.69
5.2
6.45
12.11
9.31
14.3
1.73
3.32
3.35
11.85
12.12
9.32
6.26
9.85
3.17
10.27
14.58
5.51
12.71
2.42
11.94
11.52
7.6
0.4
2.85
4.44
10.29
11.41
5.93
0.68
12.6
10.36
11.47
14.41
3.44
5.81
13.6
7.4
12.78
8.32
5.39
9.3
14.74
14.09
11.74
0.17
5.64
8.57
7.38
11.21
7.62
12.23
2.32
3.68
11.4
5.42
6.29
13.79
14.94
5.21
7.08
2.48
6.58
11.42
14.86
13.29
6.92
0.75
4.21
5.59
1.91
2.67
5.09
12.71
12.36
2.55
12.38
8.21
12.95
8.21
5.05
8.98
7.46
3.89
9.82
10.14
0.13
2.18
2.73
6.34
11.65
0.0
10.91
12.21
13.48
3.74
12.7
3.42
5.51
1.51
11.05
14.3
4.62
3.01
2.26
5.44
5.98
5.6
5.61
12.4
0.76
6.62
9.34
9.36
3.89
6.19
2.08
9.8
12.07
14.34
2.63
13.73
1.83
6.75
10.87
1.52
13.13
9.9
5.66
10.52
11.88
0.3
8.79
2.61
6.77
0.27
1.15
5.86
0.34
10.92
5.79
6.37
10.51
5.34
5.07
6.11
9.16
3.95
13.18
14.24
3.37
10.95
10.49
7.05
1.64
14.49
5.77
5.11
10.8
10.94
1.38
0.87
12.52
13.83
3.78
8.8
7.98
6.97
0.28
11.31
0.3
10.56
3.94
13.39
8.79
3.71
12.04
4.66
10.44
11.48
12.57
9.89
1.61
5.67
9.74
3.53
10.16
4.47
12.44
7.28
5.06
11.34
7.96
2.19
9.76
9.86
11.59
13.0
2.83
7.44
13.15
14.08
13.45
4.42
14.74
9.84
11.95
10.15
7.27
9.28
4.17
7.1
7.11
4.32
8.57
3.61
12.74
0.54
6.84
3.97
6.64
12.53
0.17
13.41
10.95
14.05
11.26
14.07
14.23
5.71
4.32
0.79
4.59
13.6
10.32
14.03
11.79
2.04
7.26
8.16
13.85
10.48
13.02
10.03
8.72
6.09
6.6
1.57
9.84
12.35
8.89
0.46
4.97
14.18
7.47
10.84
1.34
7.56
2.05
4.59
8.85
6.68
7.5
6.64
9.24
4.48
1.11
1.68
4.12
9.4
5.09
7.83
2.44
5.26
8.99
10.72
2.88
2.24
11.01
9.6
2.17
10.92
12.8
14.39
1.75
8.16
0.32
6.05
2.07
14.89
2.59
1.68
14.13
3.93
12.39
7.5
5.82
10.33
14.9
10.52
10.4
14.36
12.71
5.68
1.92
3.0
11.26
2.19
7.83
14.8
5.73
8.25
5.07
6.69
8.33
6.08
5.21
11.46
1.34
5.73
4.33
9.63
11.78
9.1
5.19
12.82
2.73
11.32
3.36
6.39
2.92
4.77
11.37
2.7
6.62
4.87
5.59
11.47
8.9
11.1
10.98
12.43
10.93
10.68
0.97
14.39
14.44
9.63
4.71
7.17
2.3
13.5
13.64
5.03
13.13
4.92
8.85
4.42
2.67
7.32
9.76
8.14
8.82
2.51
5.46
7.1
6.38
10.61
14.51
9.03
7.75
11.38
12.2
1.47
10.76
6.95
12.04
2.66
0.47
4.9
9.27
8.07
10.52
6.44
10.89
9.55
10.8
7.33
5.55
14.59
1.56
12.25
4.55
11.95
4.66
14.29
2.39
4.8
13.27
7.29
14.67
0.17
7.1
0.22
0.52
2.38
5.29
10.53
7.3
7.64
9.79
3.58
8.03
9.11
3.2
12.62
9.78
10.65
7.98
8.74
0.09
8.16
6.22
13.12
2.7
13.01
5.22
3.85
0.99
2.27
8.43
2.58
10.43
10.43
7.58
6.71
0.75
14.57
1.61
3.43
1.64
10.28
0.42
2.76
4.85
5.83
10.78
1.35
8.7
11.03
9.75
2.23
7.4
4.05
14.44
1.15
7.3
1.15
4.43
1.21
6.48
4.48
14.82
10.46
2.65
8.1
8.54
0.6
6.19
12.08
3.59
9.19
8.53
9.05
9.77
6.18
13.33
7.88
9.14
14.01
8.67
12.87
14.01
13.16
3.92
10.3
8.17
8.03
9.33
13.71
5.92
14.5
4.61
4.71
4.54
14.79
9.14
4.32
7.26
14.66
9.78
0.94
7.87
11.13
2.02
1.02
8.18
12.63
5.39
1.53
1.79
6.73
6.35
0.32
11.71
1.86
3.21
13.71
1.67
7.64
14.49
10.46
13.12
3.25
12.46
2.01
2.32
1.96
13.18
3.21
4.7
2.18
11.05
13.57
12.12
9.42
4.22
14.76
1.25
8.52
13.58
9.83
8.44
11.33
6.19
12.81
7.0
12.99
4.39
8.74
13.3
5.54
6.85
12.89
14.04
12.29
7.54
9.24
0.08
4.44
5.18
5.0
11.99
14.76
4.6
2.57
0.28
11.29
5.63
8.45
6.03
12.4
4.82
0.63
10.98
12.79
6.89
9.35
1.79
0.32
0.17
5.45
2.96
11.42
11.98
14.19
8.77
4.01
4.21
0.4
2.68
10.34
5.53
11.11
12.92
0.73
5.08
12.12
7.57
8.93
10.17
14.64
3.75
3.89
5.69
13.16
8.73
12.42
11.38
10.59
12.32
1.06
2.85
3.48
11.47
1.42
0.65
1.69
14.92
11.99
14.38
9.93
10.2
11.0
13.59
13.79
10.18
10.75
9.74
1.48
14.45
9.15
11.31
13.1
9.49
9.42
4.4
13.94
0.55
1.0
6.88
3.19
5.83
1.17
9.86
6.67
5.37
13.4
5.69
9.13
4.69
12.43
1.58
10.87
1.78
1.0
9.41
2.66
8.92
8.3
13.18
9.04
5.25
5.72
5.81
13.77
3.63
9.55
10.54
12.64
11.55
5.69
6.88
14.66
5.9
2.19
4.98
13.36
11.75
3.79
0.1
6.71
10.63
4.62
13.74
2.15
3.68
11.43
14.19
11.79
3.01
3.41
8.74
0.06
14.25
12.17
14.83
6.39
0.03
2.05
9.14
5.52
8.2
12.69
5.9
9.4
4.44
0.02
11.79
3.33
10.08
7.54
14.45
10.25
1.3
5.49
9.05
5.98
5.26
5.63
5.0
13.53
7.57
6.86
5.12
7.67
9.82
7.26
12.02
5.28
0.05
5.41
8.17
8.14
11.26
12.05
0.14
10.62
3.81
0.02
0.24
1.66
13.73
9.42
1.97
12.16
0.77
12.32
14.41
10.26
8.22
10.76
12.81
10.28
10.33
3.16
1.61
12.57
2.56
12.66
12.01
6.3
3.52
5.36
0.76
11.32
7.83
2.1
2.14
5.19
7.85
3.04
6.06
1.92
9.15
1.38
1.18
12.66
5.61
6.48
11.12
8.84
8.45
10.61
14.39
9.31
1.38
11.89
1.99
10.9
4.64
3.68
4.6
9.31
12.21
2.56
4.37
2.15
1.53
2.26
10.56
13.1
2.2
4.38
11.3
0.93
1.14
4.58
0.51
12.39
4.48
1.07
6.96
7.56
0.37
10.58
7.81
8.42
7.57
2.03
14.41
2.56
11.21
5.92
5.56
12.44
5.94
13.8
9.35
3.58
0.1
10.43
0.46
1.0
3.63
10.99
5.19
2.09
6.93
2.5
13.58
2.27
7.81
7.54
13.15
5.99
0.85
3.47
7.17
8.13
2.53
10.44
9.57
1.48
11.34
6.11
3.31
10.6
5.76
1.93
8.26
2.69
11.62
11.16
10.74
10.04
6.59
1.75
1.4
12.89
4.7
7.74
2.49
13.92
13.34
6.9
7.75
13.13
7.46
8.13
14.19
6.54
4.38
8.33
5.08
11.43
14.49
0.76
3.22
1.16
5.05
14.6
12.98
1.77
3.22
12.58
11.53
9.16
5.39
12.84
4.6
6.85
5.75
11.52
7.55
13.62
11.46
0.14
4.19
12.61
1.45
14.81
5.92
9.98
12.33
1.02
6.35
12.88
11.71
10.29
10.83
1.36
14.42
12.05
11.19
0.39
4.23
8.27
8.43
4.0
1.12
7.37
4.67
1.22
1.51
2.45
6.16
12.29
3.47
8.97
12.77
2.11
3.53
10.99
13.47
6.85
11.07
9.44
4.35
8.48
14.77
2.67
5.82
12.73
1.99
0.64
11.08
0.1
6.53
11.52
12.88
4.36
8.67
11.78
0.69
7.78
12.74
13.39
1.14
10.45
7.37
6.58
1.11
5.53
3.24
3.42
5.61
4.58
9.78
5.57
3.34
7.39
5.08
0.87
11.59
13.62
11.91
2.61
5.73
11.06
10.42
3.14
3.31
3.58
5.37
7.62
2.8
3.45
7.36
13.44
12.42
2.38
9.09
7.99
14.84
10.98
1.42
8.37
14.59
0.47
14.84
13.85
14.81
3.93
12.64
5.63
12.66
7.82
12.34
3.74
6.47
11.56
10.31
7.63
2.39
6.81
9.94
9.04
7.23
2.79
2.88
2.6
14.4
2.11
8.69
3.27
7.27
4.47
2.43
12.6
3.71
14.19
5.39
2.68
14.72
12.79
13.53
8.14
14.62
8.5
1.75
5.56
14.48
13.08
8.99
3.29
0.1
6.12
