12.17
11.62
12.92
7.26
9.01
6.93
6.34
3.68
5.35
10.2
13.95
8.78
0.75
12.02
11.41
9.63
0.47
5.15
1.66
10.88
1.62
14.87
5.49
11.62
8.54
6.79
3.89
10.61
9.06
1.53
12.44
9.46
4.43
10.41
10.78
8.09
0.79
7.05
5.41
0.91
6.81
8.39
6.52
5.56
9.08
10.17
12.74
6.22
1.46
13.53
14.8
11.45
4.92
12.89
8.74
6.31
11.5
8.33
0.25
8.29
0.39
9.39
4.21
6.2
11.48
6.36
14.24
4.32
11.92
6.94
11.19
0.07
7.96
8.21
3.72
0.69
5.94
0.77
15.0
13.61
5.53
9.28
6.64
7.68
4.51
9.1
10.65
0.11
9.33
4.55
10.12
13.19
12.92
2.67
0.53
1.95
14.89
5.32
7.87
11.53
9.19
13.74
2.98
12.41
12.15
14.04
1.26
9.69
2.62
13.39
10.93
13.74
3.2
13.69
14.45
1.68
1.93
12.53
0.61
13.26
12.95
1.54
10.46
0.36
4.96
0.97
6.5
1.67
2.23
4.27
10.44
10.5
5.26
10.44
3.44
10.43
11.49
14.81
10.19
9.89
14.92
2.95
5.23
14.82
9.19
10.05
3.62
6.05
14.92
14.78
4.65
14.53
11.55
13.49
7.31
0.42
6.24
2.88
13.0
5.09
4.13
8.52
3.93
4.65
12.22
12.52
13.32
7.98
4.56
7.42
9.27
9.69
6.28
12.09
11.46
0.7
2.79
7.42
5.98
1.5
5.42
2.27
13.0
8.55
9.93
8.27
8.98
4.7
8.27
14.67
2.65
4.45
10.58
3.79
4.37
1.3
7.39
9.55
12.5
10.39
10.5
3.42
8.09
7.15
10.02
0.99
3.08
11.79
6.28
6.6
7.78
2.01
0.51
0.09
5.41
7.61
1.83
1.53
1.86
4.37
11.6
9.4
2.53
8.87
4.11
14.91
3.81
0.46
13.84
9.49
14.36
14.42
3.07
5.6
6.81
9.87
11.48
3.7
12.33
2.37
2.5
2.12
9.94
4.92
1.79
12.06
13.63
10.61
11.22
13.86
1.04
0.87
3.06
14.55
14.79
6.33
11.01
14.18
8.78
1.12
14.67
6.83
0.16
12.77
1.69
10.17
1.56
14.47
12.88
3.42
11.78
3.83
12.87
12.22
10.89
1.69
12.01
6.41
12.19
0.97
7.07
0.97
3.56
7.69
10.21
1.2
6.34
1.26
1.81
11.39
7.75
9.92
14.58
12.54
13.4
5.04
13.97
12.89
5.93
5.78
7.15
10.45
8.5
0.91
9.26
8.35
13.84
1.03
8.83
13.82
5.28
0.53
5.18
14.32
9.41
4.84
1.7
13.82
12.82
9.5
3.87
12.45
14.61
3.54
3.37
6.59
11.2
3.6
9.29
6.67
14.51
1.19
6.58
10.2
14.25
1.35
4.65
5.03
3.3
0.46
4.47
9.3
5.35
12.11
6.87
6.81
13.91
3.68
7.75
1.19
8.84
12.45
2.27
7.82
8.09
8.98
0.99
2.56
13.33
10.75
10.79
4.36
9.77
6.13
8.92
14.85
14.82
4.2
14.75
12.81
14.98
12.93
9.18
9.0
10.47
11.92
12.74
14.39
6.52
13.53
10.89
12.26
14.43
11.03
7.98
2.94
2.52
4.17
7.57
0.63
5.06
12.8
3.72
2.31
9.61
10.34
14.39
4.17
3.37
1.64
6.0
10.17
2.2
13.87
9.99
11.55
6.82
4.46
14.02
1.5
12.05
9.4
6.22
12.73
8.77
3.63
11.07
8.7
3.49
11.31
4.0
6.33
8.97
3.44
12.5
5.55
6.95
10.35
9.06
2.83
8.81
3.6
14.34
12.02
11.2
8.21
1.41
12.92
2.23
2.96
14.58
11.02
12.48
10.38
5.14
1.25
5.41
6.93
5.39
2.05
9.62
12.16
7.83
2.31
10.68
11.97
11.21
8.51
13.92
13.49
2.15
0.95
3.95
5.84
10.3
9.06
14.75
5.36
3.66
3.29
9.64
2.47
9.67
3.0
1.84
9.95
12.02
12.56
6.7
1.33
13.04
11.0
9.17
2.76
8.15
9.89
1.65
4.45
0.03
4.09
1.03
5.55
6.46
12.73
0.27
8.56
1.94
6.25
8.01
8.83
9.62
4.13
8.02
6.24
5.38
7.66
1.23
13.22
4.79
0.91
8.31
14.43
14.28
4.86
5.75
9.66
5.31
0.6
9.89
3.54
13.57
3.71
14.03
12.97
8.98
10.66
14.66
8.22
14.97
6.27
11.07
7.08
10.17
1.48
8.21
10.42
2.92
8.24
13.39
5.56
5.75
14.7
2.96
1.59
10.67
11.93
8.1
7.59
9.72
8.81
12.89
11.43
4.0
9.21
4.26
0.04
10.63
2.06
9.67
0.23
7.94
1.81
6.78
5.44
6.64
14.48
0.84
14.46
8.27
10.48
6.74
9.97
11.49
5.31
2.55
9.74
8.05
3.12
2.18
10.42
5.53
6.8
0.39
5.43
1.09
10.93
14.28
5.09
7.33
3.94
2.33
14.63
4.9
4.56
4.38
12.2
5.86
8.44
2.56
8.88
3.94
4.95
14.16
12.01
9.03
5.01
13.39
5.92
13.76
9.88
3.21
12.61
10.12
2.82
3.05
14.99
10.24
7.72
6.84
6.87
9.99
6.58
9.81
13.14
4.9
0.53
10.97
5.48
4.24
5.92
0.52
3.9
8.2
14.85
11.76
13.09
1.13
5.0
5.38
7.87
13.46
2.9
8.27
14.57
8.51
4.32
8.8
1.94
3.15
10.41
14.26
3.47
6.23
2.07
11.83
1.61
12.13
14.45
5.64
7.81
14.7
8.78
6.39
2.92
13.7
9.6
2.1
3.77
5.07
11.43
2.02
12.67
14.46
12.51
8.19
5.52
12.28
11.47
14.43
8.94
3.59
5.82
7.28
0.71
2.82
7.64
1.45
2.74
2.95
10.88
10.38
9.35
6.79
0.73
13.11
7.34
2.92
10.58
6.34
14.02
6.32
5.03
0.72
13.13
7.29
10.41
14.17
1.33
4.85
8.78
9.76
0.18
0.6
7.91
13.66
8.94
2.16
11.81
11.03
10.1
4.4
4.97
0.74
1.03
5.75
1.57
1.48
5.69
8.26
12.43
5.88
2.31
14.48
10.2
4.71
1.82
11.49
5.15
6.3
8.49
1.7
6.64
4.72
1.78
4.46
14.13
8.56
2.47
4.7
9.2
9.7
13.85
12.84
12.7
9.79
8.38
14.14
8.98
10.65
12.29
6.25
1.51
0.74
11.85
7.47
14.21
12.25
5.3
8.46
8.03
3.33
3.67
11.68
8.19
10.04
12.6
2.4
7.48
11.34
5.3
6.9
9.27
0.36
4.16
8.45
0.81
11.46
14.43
4.22
12.15
4.14
1.24
6.82
11.49
2.14
11.24
10.19
14.31
12.26
9.31
5.57
14.24
3.18
12.04
12.19
2.24
5.91
12.72
14.12
7.54
2.71
5.68
13.45
2.86
14.66
2.81
4.98
3.12
14.4
2.76
5.05
12.17
2.14
6.31
1.55
12.46
3.31
1.77
8.83
7.77
10.18
13.09
0.21
14.47
12.87
9.27
8.84
11.31
12.89
14.45
1.53
1.28
5.43
7.04
9.8
13.08
13.13
9.89
13.04
4.46
2.43
1.08
13.43
7.68
1.59
7.61
12.96
0.76
1.73
11.01
3.79
7.53
9.7
14.16
14.8
9.31
1.14
13.35
2.25
0.16
8.18
0.75
13.34
3.31
3.89
10.88
7.24
3.42
1.38
0.94
10.84
5.15
14.93
11.44
7.91
9.42
12.1
7.36
5.29
6.05
13.05
14.64
13.23
3.41
7.99
1.93
2.84
10.34
5.94
11.58
3.95
14.86
2.8
11.95
0.12
5.33
11.89
0.73
0.21
12.62
13.19
2.1
9.82
13.55
6.65
13.2
7.11
2.14
9.01
6.62
7.01
13.48
7.14
4.04
0.56
9.29
12.46
0.54
12.8
3.42
9.79
7.09
3.21
12.05
9.57
3.84
9.53
2.65
4.82
6.17
8.9
1.53
14.16
6.56
11.01
2.24
14.15
2.01
1.46
7.61
12.72
1.14
4.27
8.17
14.47
11.12
12.29
5.83
5.63
1.7
8.37
8.98
7.6
6.1
14.81
3.51
12.28
10.12
9.44
5.56
5.0
3.27
3.99
14.82
6.63
13.45
10.27
1.28
8.95
0.94
12.92
12.87
5.15
0.43
10.03
3.51
14.63
8.78
3.6
12.76
7.83
10.05
7.74
4.9
4.43
12.47
6.55
12.18
2.27
10.85
2.51
12.61
7.48
8.22
1.52
10.6
8.77
0.52
10.12
14.7
0.57
7.82
5.76
2.23
3.26
13.76
4.97
4.96
13.41
1.76
9.48
12.85
9.89
8.15
8.33
0.87
5.1
8.65
11.4
3.34
14.32
12.27
6.99
14.11
1.6
9.27
5.33
1.87
14.6
3.37
6.28
3.83
10.64
6.73
1.1
3.54
1.58
9.98
1.51
12.11
11.64
13.59
9.24
10.25
14.06
14.5
6.28
5.49
9.56
9.28
8.98
13.38
11.86
12.88
14.71
5.63
4.7
1.41
12.85
11.47
12.56
9.59
9.84
14.49
0.98
2.59
13.91
7.73
0.81
10.26
1.02
1.97
12.15
4.43
3.25
2.37
2.99
2.97
1.74
9.55
2.87
4.66
11.62
9.78
9.8
6.88
7.98
3.87
4.43
8.48
4.49
1.9
10.03
5.17
7.75
14.01
14.12
12.11
5.36
10.32
3.29
7.11
12.31
12.05
0.08
3.03
14.78
2.22
3.57
6.02
8.31
14.56
2.85
9.72
12.48
7.25
4.09
4.0
3.52
3.61
9.95
5.43
3.47
9.69
8.16
0.22
3.87
14.58
8.43
6.03
9.44
12.61
9.48
14.84
4.91
2.63
4.37
9.43
14.95
3.91
3.68
6.33
4.82
12.37
3.77
12.25
8.05
3.19
12.33
11.07
7.17
3.33
2.64
0.66
7.12
13.93
6.41
14.15
10.56
2.4
4.75
2.02
3.95
6.6
1.93
6.46
13.73
14.53
0.64
4.03
3.58
4.6
3.7
0.82
11.77
3.42
8.6
2.07
8.55
1.01
10.73
9.66
9.62
4.7
13.55
13.89
14.32
3.18
1.95
4.84
