5.98
12.24
2.32
14.43
11.48
12.97
11.94
11.93
12.02
13.7
13.03
9.72
9.43
3.18
3.57
6.32
6.41
5.95
4.15
9.55
4.54
6.76
3.93
3.93
4.04
2.63
9.06
2.46
9.86
0.03
8.61
1.01
6.57
2.2
11.17
4.29
6.57
6.61
9.4
3.35
9.23
13.49
5.38
7.17
14.97
2.43
11.41
4.45
5.69
9.49
10.44
9.06
5.76
8.84
11.88
5.24
13.51
13.07
12.01
6.2
13.71
5.3
5.09
12.52
5.54
3.84
5.59
6.2
8.25
3.11
4.47
2.02
7.94
4.2
8.15
12.52
4.55
12.83
0.25
0.28
3.86
0.59
10.83
13.31
11.2
8.34
13.25
9.93
7.29
9.29
10.74
9.98
3.18
14.44
9.81
1.94
7.03
12.69
11.26
1.11
6.96
3.18
3.06
12.15
9.59
11.45
0.92
9.73
3.83
13.28
12.99
2.67
0.4
3.91
14.65
1.03
9.58
5.92
13.85
5.34
1.31
0.52
7.72
2.91
0.67
13.86
6.83
14.88
6.85
1.39
3.5
6.72
2.11
12.9
10.16
4.75
9.05
7.31
4.51
1.63
1.51
10.28
3.62
4.16
14.69
5.16
14.32
14.43
4.75
3.12
4.2
10.91
7.87
5.14
1.83
7.66
0.12
11.08
7.42
10.97
12.41
11.02
13.33
4.53
12.18
4.25
7.93
8.64
12.55
4.66
5.78
5.44
14.27
2.67
5.05
11.63
8.95
7.92
13.79
13.88
1.53
12.8
0.04
8.31
13.18
1.04
7.93
4.12
3.49
14.46
9.96
5.37
10.48
6.39
8.26
0.63
12.21
0.9
14.23
5.99
8.68
1.29
12.92
3.06
14.79
0.86
6.05
8.39
4.04
12.69
7.34
3.25
6.48
10.05
3.13
6.92
10.34
11.99
0.94
8.35
6.15
0.95
10.65
1.27
10.52
10.11
6.01
1.27
11.31
10.09
5.24
1.07
12.4
2.51
0.43
10.6
4.01
13.33
14.58
7.99
1.3
7.16
11.57
5.96
0.89
1.55
8.42
2.19
6.07
5.9
0.04
9.23
3.21
9.69
9.47
0.32
12.87
12.97
11.48
13.63
13.14
8.6
14.5
10.27
4.5
13.85
0.03
13.12
4.89
2.62
2.28
7.69
0.97
1.93
14.25
14.52
1.03
6.83
12.31
14.1
9.05
10.69
2.2
10.47
11.75
3.94
14.78
4.99
14.81
9.85
1.72
2.2
2.43
9.06
8.92
3.88
5.12
13.17
7.97
5.56
9.47
9.87
0.69
7.7
0.09
1.95
5.09
10.19
8.9
4.43
6.58
8.99
2.45
1.24
4.03
4.01
7.14
1.02
11.98
7.69
2.39
5.29
13.27
10.26
3.5
9.42
10.66
4.55
6.85
8.12
1.47
3.0
11.23
4.78
2.89
10.22
14.54
1.85
12.64
12.79
12.56
5.18
2.23
4.88
5.91
3.75
5.41
4.86
13.78
13.51
4.44
2.86
13.37
8.46
2.16
13.12
12.04
10.14
12.31
13.27
8.25
2.15
4.86
0.43
10.21
4.34
10.46
13.28
9.79
14.23
11.46
2.99
5.55
12.17
12.86
4.03
12.76
10.24
3.83
14.09
4.4
14.34
4.87
11.9
14.2
11.94
12.31
9.34
10.26
12.28
3.19
7.13
7.43
10.53
7.87
10.88
0.33
7.89
8.28
0.16
0.75
4.81
2.45
4.87
11.37
7.07
7.28
10.02
11.98
11.49
10.99
3.82
9.91
7.9
2.69
7.35
2.75
6.48
10.41
11.56
8.2
13.18
11.08
10.27
4.19
7.85
12.98
8.32
7.31
14.74
10.17
0.3
8.96
13.67
10.44
13.31
2.7
11.4
0.36
8.88
14.72
9.83
4.92
12.21
11.62
7.35
11.47
1.98
8.08
7.51
10.74
2.88
8.07
8.6
2.67
10.46
7.71
10.18
11.64
0.04
5.26
12.07
13.73
8.7
9.66
13.93
3.78
0.1
5.45
4.43
6.28
8.1
7.48
12.45
8.79
11.16
1.02
12.8
11.85
4.74
14.93
7.26
6.17
0.22
14.25
8.58
1.86
7.31
6.96
13.11
0.35
1.52
12.13
10.49
11.71
5.39
6.61
6.79
8.58
8.85
5.1
7.44
7.71
0.3
8.18
10.66
6.37
1.04
12.12
4.96
2.01
1.55
7.92
14.81
2.58
10.26
5.37
7.93
10.46
7.57
13.1
8.07
8.39
14.83
7.54
14.49
9.64
4.66
5.97
4.55
3.55
13.02
0.25
2.24
7.6
3.34
9.53
4.38
10.2
8.97
14.55
4.33
14.82
5.31
2.28
1.79
7.36
8.39
11.09
11.84
14.6
13.67
11.77
14.32
14.28
3.84
11.64
9.16
5.42
9.83
10.73
9.24
10.41
0.29
4.1
6.59
10.93
2.54
3.26
5.5
12.48
3.74
12.2
5.6
9.05
9.86
0.47
1.33
2.05
14.22
6.44
8.64
2.75
13.74
12.24
7.74
7.94
7.81
3.45
3.81
8.51
3.37
14.66
4.9
8.47
10.22
5.33
4.82
13.87
3.25
11.78
13.59
2.96
11.38
9.22
7.76
3.43
3.86
7.24
3.64
7.73
9.25
7.28
10.29
8.96
9.14
0.82
13.73
1.58
11.68
12.92
12.83
8.77
5.4
14.26
0.3
12.06
10.42
11.23
12.26
11.76
13.04
8.5
14.85
6.57
0.18
10.79
2.04
12.3
13.34
9.08
6.46
7.15
11.96
10.37
5.13
0.81
11.9
13.61
10.03
6.46
0.63
14.69
1.8
0.1
3.7
8.17
13.47
2.73
5.43
5.84
6.83
8.9
12.27
11.54
6.32
2.02
0.35
7.95
12.23
14.47
2.31
13.74
13.4
7.41
0.41
9.57
3.4
1.43
6.04
11.64
13.87
8.35
10.67
3.05
13.79
8.2
3.2
10.62
10.12
5.66
11.76
9.68
9.23
10.86
11.18
9.47
12.86
8.2
14.85
11.38
7.52
10.17
4.02
5.7
11.72
14.54
12.64
6.02
10.17
5.13
8.11
9.61
3.8
12.06
1.83
14.42
9.16
10.5
14.17
12.83
0.03
4.38
4.52
7.13
1.76
5.28
8.0
1.8
3.69
14.76
11.26
10.8
7.22
10.04
7.63
11.15
4.55
13.9
1.4
6.21
12.66
11.81
13.91
13.7
0.86
0.25
4.19
13.67
3.37
1.14
6.56
10.76
11.34
11.53
4.82
10.48
3.73
0.89
1.07
13.13
12.13
5.87
5.09
7.82
13.96
7.6
0.07
7.63
11.88
1.22
1.74
8.1
11.59
14.12
11.13
5.43
14.74
2.31
5.31
2.16
1.69
7.36
8.66
6.84
6.51
3.81
0.81
14.21
5.65
7.46
4.45
10.05
1.0
9.66
13.55
3.08
8.43
9.06
6.42
4.3
10.85
2.62
8.37
3.96
0.07
13.95
14.21
7.73
6.43
5.21
1.64
0.78
1.11
12.98
14.66
8.87
6.24
9.91
14.59
1.07
4.15
1.73
14.68
4.16
3.1
11.02
3.67
12.07
12.52
7.43
7.22
1.54
11.2
10.78
5.16
12.13
13.97
4.38
3.76
5.07
3.99
0.62
9.95
9.69
9.15
3.05
2.69
12.23
8.33
1.34
7.59
2.33
2.18
8.24
10.58
2.17
9.62
11.61
11.76
0.55
2.29
12.6
2.5
7.42
9.05
4.87
4.54
3.99
7.49
10.75
7.55
14.33
14.59
6.59
2.31
10.93
4.83
11.86
9.08
8.28
3.69
3.49
4.62
4.21
8.87
8.69
12.17
6.75
2.49
7.82
9.65
2.67
14.87
12.29
6.22
8.39
12.59
12.26
7.33
15.0
4.85
1.83
1.69
11.19
11.06
10.01
2.45
0.32
0.66
9.88
4.69
9.0
10.37
0.71
8.5
12.66
1.28
6.34
11.69
2.36
12.42
9.21
12.64
9.94
5.3
12.38
10.17
12.81
8.41
4.85
10.36
11.99
2.33
2.51
6.25
4.79
2.13
10.48
7.21
9.13
7.05
4.02
11.61
9.45
1.81
1.67
1.57
10.52
9.1
2.93
12.87
0.35
12.53
12.96
11.91
8.43
9.9
10.91
10.71
6.68
10.31
3.97
1.83
8.13
11.75
13.01
3.46
5.98
11.99
9.47
2.23
0.97
3.32
13.93
5.79
7.22
6.04
0.77
11.39
5.6
6.99
2.96
2.47
0.96
4.82
0.27
5.5
13.42
0.28
5.95
6.81
10.84
0.96
8.23
9.71
9.36
14.84
8.01
4.59
10.82
11.67
12.16
13.36
7.39
1.22
13.47
2.94
14.14
5.83
11.75
6.47
0.6
8.3
0.59
13.85
2.09
5.84
13.1
6.51
0.79
14.5
5.18
14.44
4.32
14.4
7.76
10.27
11.5
11.21
10.05
8.18
12.41
12.37
1.16
13.91
9.58
11.25
10.58
12.39
6.09
0.65
14.61
2.88
3.68
9.72
9.03
3.2
3.13
4.53
7.56
12.55
4.77
6.02
1.5
3.74
9.47
4.4
14.66
8.01
0.78
4.17
5.04
14.77
1.48
12.12
10.14
9.62
7.8
3.16
1.52
3.23
9.57
13.81
7.6
3.86
12.24
3.23
3.62
10.42
6.65
7.38
11.24
9.92
4.09
12.8
3.76
7.44
10.01
8.98
13.46
14.19
10.84
9.3
11.06
4.25
9.84
4.31
1.06
14.15
12.65
10.89
14.8
4.25
0.25
1.66
13.42
4.56
1.6
11.96
13.88
13.63
14.12
6.49
1.87
6.68
7.36
2.34
10.37
2.88
8.48
8.55
5.79
10.18
0.54
3.64
4.69
4.04
5.01
1.33
12.42
5.2
13.03
12.2
13.05
1.38
2.95
13.67
4.19
13.88
0.25
2.24
12.51
4.32
3.85
13.16
14.05
6.51
2.75
2.64
1.94
6.84
13.44
0.13
1.99
4.39
4.8
12.33
10.59
4.06
6.21
12.56
0.28
13.98
6.93
4.15
11.94
5.5
13.96
5.51
7.87
3.37
8.9
0.44
13.79
2.05
4.71
1.21
11.58
6.4
0.23
14.69
13.86
3.79
12.92
0.48
11.97
11.51
9.28
1.12
0.54
13.43
13.84
4.58
0.45
7.71
5.26
8.73
0.77
2.07
