5.12
5.73
13.42
11.0
10.95
6.33
7.59
4.35
8.9
12.57
6.7
9.94
2.68
8.75
10.69
9.71
4.18
8.49
12.42
8.75
11.24
10.47
5.5
10.05
1.75
3.85
12.49
4.87
8.19
1.52
14.06
7.94
7.14
14.92
7.3
0.28
14.26
11.45
14.85
8.58
9.17
11.56
0.41
5.33
6.19
1.26
9.02
10.85
12.56
5.42
6.53
5.84
12.39
8.28
12.76
7.64
9.66
12.32
1.85
7.24
14.7
8.51
9.79
12.88
11.42
1.12
1.51
8.82
1.18
4.85
10.23
10.02
13.6
0.27
13.02
7.65
11.17
14.66
8.15
8.66
13.6
1.85
5.17
4.08
2.32
1.62
14.48
5.67
1.69
12.2
3.52
6.71
7.8
12.83
3.2
5.69
4.96
8.32
0.15
3.01
11.9
4.47
12.23
11.01
7.87
11.39
3.91
10.91
3.78
1.24
8.74
5.14
12.99
5.97
6.82
7.45
13.31
14.26
9.04
10.91
14.38
1.64
11.41
9.54
3.96
2.91
10.45
4.82
3.29
14.33
8.55
14.78
6.89
2.64
8.42
10.5
11.25
1.93
9.51
10.63
0.12
6.3
13.28
3.38
1.73
5.77
13.99
0.45
6.31
0.67
12.6
6.45
10.43
4.67
14.58
4.1
11.16
10.23
12.42
6.56
8.46
0.73
10.54
6.55
2.82
11.56
10.57
0.51
6.46
4.18
0.04
0.85
7.28
2.92
3.58
8.13
13.42
12.26
13.94
9.36
4.58
12.36
6.54
1.73
3.83
13.31
1.02
5.19
10.84
4.84
10.82
7.71
12.9
13.28
0.33
0.57
8.49
4.18
1.19
5.27
0.83
6.4
14.19
0.3
7.25
10.59
3.07
2.57
8.85
2.69
8.74
5.7
14.86
6.72
11.38
0.6
3.28
9.22
13.47
3.16
0.48
11.15
8.31
12.23
11.54
14.16
11.97
10.68
10.73
14.72
8.68
14.92
9.66
7.81
13.06
1.49
4.2
6.27
0.21
5.87
2.99
10.4
8.43
10.46
12.11
6.69
1.74
0.02
10.45
6.33
4.58
4.86
3.61
9.28
7.4
12.8
3.42
7.65
14.94
5.84
4.9
5.5
4.61
2.97
9.71
4.92
5.3
12.96
2.74
5.27
9.51
7.97
13.15
14.77
9.91
9.51
9.51
9.96
14.57
11.15
8.87
14.24
8.67
1.67
1.19
1.83
4.61
12.82
4.02
12.76
9.3
2.91
1.71
13.8
7.61
4.74
9.68
5.35
10.3
0.22
3.5
4.26
10.33
3.72
0.49
13.27
14.54
5.61
10.6
0.06
4.45
11.36
2.54
13.7
6.92
14.06
2.03
10.6
5.16
14.18
6.63
14.64
14.34
11.27
5.25
4.62
5.8
4.35
3.13
3.87
0.0
6.24
8.02
0.97
2.36
7.52
7.89
7.56
14.69
0.99
6.2
11.33
12.8
10.7
2.46
12.91
7.39
8.72
9.11
2.17
11.0
8.32
8.7
11.87
2.7
4.62
2.61
2.13
3.06
2.69
0.02
6.4
14.59
8.98
11.09
6.31
10.79
5.06
8.59
14.18
0.22
10.61
1.94
6.56
13.59
3.22
2.85
0.37
7.03
4.69
4.83
2.1
13.3
2.92
3.86
2.81
2.35
8.17
8.04
6.52
5.58
2.21
11.69
10.62
9.44
12.84
6.67
13.54
10.82
14.67
0.8
8.23
1.75
6.73
8.76
3.95
7.96
12.09
12.51
7.96
10.23
4.19
0.51
13.65
10.54
10.88
14.46
10.53
2.69
6.57
4.88
7.42
2.88
8.85
4.21
0.96
9.61
3.84
3.59
2.86
2.7
8.0
3.37
10.74
5.81
1.91
5.03
13.34
13.72
12.1
10.93
7.01
10.59
4.82
13.58
10.19
9.77
14.5
6.68
4.06
4.73
6.12
9.36
8.69
10.72
11.39
3.79
14.29
10.05
8.45
5.08
13.8
13.04
1.59
0.74
7.99
0.97
4.27
2.3
14.11
2.52
0.96
7.72
8.9
8.92
7.87
5.47
9.55
4.44
9.66
15.0
14.98
10.81
3.14
0.35
5.9
14.69
13.55
13.51
5.39
1.55
14.65
7.95
1.14
2.56
2.97
10.41
1.15
4.94
1.92
8.53
6.6
14.64
0.87
8.23
13.6
8.65
10.17
0.19
3.32
9.13
13.71
12.93
9.87
9.56
14.96
12.38
6.17
3.46
7.28
7.1
12.81
9.84
3.8
13.03
3.76
0.1
0.48
12.93
14.84
5.42
14.35
5.47
9.94
14.38
9.48
13.84
14.25
7.81
11.01
12.04
12.6
8.03
8.88
1.15
3.18
12.21
3.09
3.69
0.43
4.58
9.29
2.56
8.22
3.52
7.15
0.92
10.0
10.53
0.17
4.7
3.96
3.17
9.59
2.35
5.34
5.23
11.5
4.36
12.96
4.17
5.29
0.19
10.9
1.52
12.04
6.91
2.2
11.88
5.22
2.23
11.06
6.16
8.41
13.61
1.12
10.77
12.04
7.92
10.63
4.56
5.6
5.11
10.58
10.85
2.68
0.21
7.91
6.42
13.15
7.95
8.48
10.97
13.76
7.05
8.67
12.13
7.97
4.44
6.6
1.45
6.8
2.55
10.79
9.85
10.08
2.48
9.46
2.96
8.78
12.75
14.54
13.83
10.68
2.79
4.58
5.22
8.48
10.25
3.78
2.75
13.69
2.3
8.89
13.59
0.95
13.88
3.42
4.87
1.38
3.0
14.28
10.71
8.86
1.0
1.44
8.52
4.43
6.48
9.07
9.47
10.99
4.69
0.77
0.45
9.58
7.59
1.38
2.04
2.74
7.14
11.3
8.29
4.09
14.54
9.11
1.52
9.06
7.37
12.79
4.75
2.79
11.94
14.59
14.78
6.73
10.84
14.91
1.97
2.84
13.5
10.18
4.85
2.21
9.14
11.15
1.68
8.37
5.82
4.08
13.91
0.43
10.5
4.24
1.14
12.33
3.31
8.39
7.74
9.71
10.24
12.66
7.16
4.71
0.3
10.54
0.55
12.43
3.16
5.03
2.52
4.35
7.32
13.46
12.9
6.64
5.75
2.35
8.92
6.87
13.93
14.24
14.08
10.47
1.41
2.59
4.42
9.04
9.04
4.79
2.59
4.95
7.64
5.48
0.81
6.97
10.67
2.09
2.35
11.56
9.63
8.23
6.23
4.86
12.52
10.37
7.14
3.06
8.27
0.57
1.61
1.41
9.27
10.51
5.98
0.5
6.33
1.4
6.13
11.58
3.01
6.18
3.8
12.15
10.84
3.35
11.23
13.79
7.95
13.4
9.04
12.02
5.89
14.44
10.82
11.47
1.19
8.97
0.11
1.55
4.27
3.79
8.33
14.49
12.48
12.61
4.85
7.85
9.15
3.09
10.83
2.91
1.81
9.38
1.07
12.01
6.64
2.56
1.68
11.37
11.29
9.72
12.78
13.01
1.85
3.82
1.75
11.76
8.06
14.25
14.96
2.19
12.02
7.85
12.46
14.55
13.89
5.75
7.25
0.3
8.76
0.39
0.45
10.88
8.38
0.11
7.28
8.38
3.56
11.94
1.36
5.19
14.55
3.02
13.95
5.73
12.59
14.94
11.33
2.85
2.65
10.73
14.15
7.5
14.48
6.25
14.61
9.77
6.44
12.53
6.35
9.38
5.44
6.38
7.43
3.98
11.14
8.07
8.96
12.77
9.07
14.1
9.11
11.28
8.52
11.91
8.38
3.82
9.06
0.51
11.01
0.32
1.21
4.18
13.84
12.94
13.0
4.1
7.24
2.16
1.29
1.16
9.74
8.64
8.79
10.88
5.08
6.23
13.54
1.49
12.91
4.19
12.24
9.07
10.77
12.68
14.92
14.62
12.8
11.15
13.4
8.9
14.1
5.88
0.0
3.91
14.91
13.03
3.49
2.38
14.78
4.78
0.01
8.17
3.72
8.97
9.16
3.64
0.72
0.85
1.6
7.97
13.27
1.59
11.0
10.15
4.23
12.93
12.71
7.04
4.67
13.21
8.09
9.83
4.76
13.37
3.61
7.92
13.49
7.79
6.31
6.53
0.59
9.06
11.39
13.7
2.35
1.99
4.13
10.8
2.04
13.07
14.04
3.42
14.36
1.4
9.08
10.29
5.81
11.82
10.45
10.89
10.3
12.04
11.96
10.18
2.2
3.12
11.58
8.54
4.26
3.21
14.54
9.02
1.82
4.36
3.72
3.85
1.75
14.96
8.14
0.69
5.42
0.45
12.96
12.05
3.2
9.69
14.37
7.19
12.76
3.17
0.62
4.42
6.11
7.79
0.29
14.76
11.6
1.94
14.15
14.94
1.13
9.88
11.29
7.55
7.01
11.86
10.5
3.47
5.42
5.93
9.12
13.98
0.82
6.53
4.94
14.03
0.13
10.57
3.73
13.72
14.95
10.71
9.44
12.59
4.35
9.31
14.41
5.26
3.31
7.38
11.4
0.7
4.04
7.2
8.54
11.5
4.7
1.32
8.71
14.91
11.7
0.34
11.71
1.18
12.11
3.03
6.22
0.64
12.8
0.56
4.56
0.77
1.04
12.57
4.15
4.18
2.06
11.18
9.02
2.49
5.57
14.97
10.91
4.4
2.71
1.46
14.1
0.54
10.89
0.93
14.11
10.12
5.78
2.83
0.63
14.8
0.39
1.57
1.52
14.31
13.5
6.13
7.09
5.04
3.59
8.89
12.12
7.56
2.32
6.45
11.17
1.04
12.6
13.68
4.74
12.75
3.12
4.41
11.41
6.06
8.19
8.8
7.52
14.97
12.7
12.41
1.03
14.01
3.55
5.94
1.0
6.56
9.75
6.24
3.89
1.5
13.5
13.09
1.43
2.04
6.35
14.8
11.91
4.74
10.52
1.3
10.63
1.79
0.95
12.82
2.15
9.63
8.07
6.44
4.55
9.46
3.41
7.46
9.71
14.13
6.3
5.63
12.24
6.5
1.87
13.74
12.18
14.54
12.45
4.67
1.02
12.06
4.52
14.81
12.71
6.68
6.59
13.14
1.15
14.44
8.41
6.37
6.2
9.53
3.73
10.22
10.41
9.64
12.89
7.08
8.44
3.77
4.05
12.01
8.89
1.29
12.1
14.22
3.45
8.97
13.72
9.5
13.22
10.5
14.7
13.7
14.9
0.91
6.13
3.5
10.07
12.5
13.72
12.37
1.5
5.98
4.42
8.77
