3.98
4.01
14.56
5.91
2.5
8.51
4.63
0.99
6.22
3.24
0.9
4.66
9.58
13.53
8.5
10.06
13.44
10.04
8.37
8.58
3.36
7.4
1.86
3.0
9.58
6.38
0.69
14.06
8.16
0.39
5.16
0.23
0.54
6.49
5.43
13.59
9.33
5.81
6.81
11.32
0.51
8.68
12.85
12.06
8.47
13.16
5.57
10.9
0.36
0.2
14.62
7.47
10.6
6.79
7.94
9.3
14.63
12.15
6.2
13.41
6.07
13.62
4.99
8.95
8.99
14.48
9.87
9.34
9.07
2.81
0.75
4.59
5.35
5.02
13.48
0.67
12.4
8.97
7.55
0.08
12.8
0.44
0.88
9.68
6.22
0.28
0.29
11.45
13.09
7.46
5.58
6.48
0.96
11.04
6.94
11.98
7.95
0.98
8.76
7.32
4.48
3.13
0.12
6.59
5.14
10.93
3.42
4.58
5.38
3.0
6.94
12.56
4.07
12.08
3.38
14.84
9.31
1.69
10.39
2.89
8.19
5.08
6.72
6.26
3.67
6.67
13.99
8.07
4.1
0.82
0.26
10.86
10.75
7.73
8.73
9.11
0.47
6.78
11.1
13.67
6.99
2.74
6.75
11.69
13.56
13.01
1.72
14.0
3.11
11.41
12.55
8.59
11.25
1.93
8.38
1.06
14.3
2.22
13.09
2.63
12.19
12.62
6.72
2.98
1.0
1.84
1.14
10.81
8.89
3.23
1.31
12.08
11.04
8.97
4.56
11.62
13.93
12.07
0.58
9.11
9.55
14.37
6.25
8.25
10.79
10.33
6.04
6.63
1.93
3.52
5.32
8.54
5.19
11.74
13.7
9.15
6.26
6.26
8.27
12.62
1.66
11.43
10.29
6.43
8.6
13.69
4.43
8.84
14.83
6.6
4.73
12.05
1.68
10.32
14.68
14.06
10.44
6.9
1.43
1.6
0.77
6.16
9.3
0.97
5.57
6.67
2.46
9.08
10.61
3.93
1.04
13.94
4.85
3.99
8.72
1.12
2.8
14.94
1.48
5.84
3.07
14.76
12.68
6.77
10.53
11.78
0.72
2.21
13.65
12.17
4.63
9.17
4.39
4.93
9.27
14.47
11.0
13.77
7.6
2.47
13.68
4.98
7.67
10.35
14.14
11.29
10.33
3.34
14.97
6.16
9.04
11.73
11.19
11.75
10.16
3.9
8.69
8.82
3.65
0.74
3.56
6.8
5.0
3.26
9.54
4.63
6.9
4.19
1.0
10.94
7.69
1.58
13.12
12.38
7.22
13.71
4.45
9.1
4.87
14.59
13.81
13.74
12.19
14.68
10.8
1.95
5.35
5.75
12.18
14.12
9.61
10.95
3.15
4.04
2.61
3.83
2.34
0.65
14.75
5.0
4.61
6.44
6.76
2.79
9.15
14.22
10.63
3.55
3.07
7.28
3.13
1.48
0.45
14.26
11.61
7.38
14.87
13.03
9.91
1.26
11.15
4.04
6.59
3.18
8.24
12.22
0.33
12.79
0.6
5.29
10.86
6.59
7.75
0.6
6.88
10.21
0.12
5.5
5.53
9.67
5.18
3.22
11.87
7.85
14.65
12.97
8.96
4.54
6.56
2.93
4.35
7.19
13.89
10.18
13.76
14.88
12.03
11.88
9.04
4.18
4.0
6.23
9.27
7.52
6.8
5.98
3.55
6.61
12.7
4.33
1.23
10.86
13.43
2.92
6.3
5.72
13.13
13.24
9.83
14.71
13.66
12.59
10.13
8.39
4.13
6.42
11.43
8.93
5.45
10.69
7.78
9.35
9.84
9.61
4.9
1.61
14.33
8.32
3.98
12.64
3.57
3.1
2.76
1.96
12.69
12.52
7.26
14.71
0.73
10.9
5.48
4.47
5.39
8.7
10.75
8.31
4.15
14.65
5.92
5.88
9.84
9.04
13.25
5.63
8.51
5.2
6.81
10.58
8.9
13.1
8.44
7.7
14.23
14.1
8.85
9.57
10.34
8.16
11.95
13.37
3.02
9.89
1.02
1.4
8.94
11.42
12.43
1.74
10.2
6.55
10.95
4.43
14.4
6.84
11.0
2.52
3.45
11.63
12.59
11.0
2.25
12.51
5.89
1.16
10.73
12.16
4.7
6.94
3.39
2.8
8.14
12.4
6.5
14.8
0.87
12.59
11.76
4.47
11.6
12.18
11.44
12.81
3.09
14.11
2.27
9.47
0.16
9.71
10.19
5.9
12.29
6.12
14.32
14.89
10.8
12.74
8.82
9.35
14.01
8.33
8.88
7.58
1.21
1.91
7.09
4.91
2.98
1.95
2.76
7.74
13.13
13.07
10.8
3.2
1.52
5.23
7.49
5.14
12.39
13.16
4.9
4.43
9.4
11.34
5.4
7.08
0.39
3.07
6.99
7.32
0.76
10.38
9.87
8.0
14.85
7.15
1.48
8.14
10.03
13.4
6.34
12.02
2.62
1.13
11.92
9.33
6.55
1.7
8.22
1.94
3.92
8.37
4.66
4.37
8.4
4.36
12.58
7.75
7.66
0.02
6.45
8.01
6.77
1.19
10.18
12.19
4.63
11.36
11.93
12.57
5.89
6.77
7.32
6.28
8.85
4.49
4.64
6.39
12.64
7.21
9.36
2.93
4.88
7.64
8.62
8.86
9.75
14.66
5.48
13.61
12.63
1.61
5.57
7.81
0.59
9.09
14.95
10.22
7.12
8.97
5.86
5.9
8.61
0.33
8.29
2.79
3.53
12.05
8.92
0.05
4.31
9.17
9.07
11.46
7.59
0.32
12.69
13.82
2.38
10.84
3.28
2.23
4.47
7.36
1.01
3.7
1.84
11.78
12.9
9.1
7.57
8.19
4.78
7.14
1.7
5.05
0.06
14.69
1.35
7.11
8.64
5.4
7.0
12.29
12.32
6.22
12.08
8.51
0.31
8.64
14.93
13.54
5.15
3.42
5.96
7.29
13.61
3.8
8.21
4.72
13.07
6.29
5.03
6.24
4.17
8.83
10.75
13.87
1.45
4.38
0.96
2.09
0.22
10.26
1.53
12.0
0.09
9.21
1.49
7.11
14.59
3.78
5.48
9.06
6.85
1.79
6.96
0.54
12.35
12.54
14.28
6.55
13.78
8.18
1.96
10.4
2.4
7.76
1.14
0.66
0.41
11.73
8.61
5.1
2.91
6.66
7.58
11.08
5.53
10.23
4.95
7.42
2.29
8.32
3.66
8.22
12.35
10.77
6.01
4.39
9.43
13.53
12.85
8.72
13.25
0.77
8.13
14.11
13.56
0.66
9.06
9.85
11.24
12.08
11.62
7.45
13.6
9.05
4.83
2.43
10.86
6.41
6.91
2.01
13.85
14.94
10.06
9.95
1.79
2.38
4.64
13.95
3.29
10.7
3.09
5.95
12.33
14.27
8.11
6.05
5.95
10.34
3.47
14.32
1.66
1.67
1.38
5.22
0.45
5.63
9.99
4.82
7.33
0.47
6.88
2.94
2.14
12.4
6.38
10.52
3.0
12.22
6.07
6.02
1.92
2.46
6.78
5.57
13.01
3.88
14.77
6.5
8.04
0.72
12.93
2.86
0.61
3.56
3.19
9.41
2.55
4.19
12.48
9.28
4.41
14.39
5.04
14.03
10.8
6.66
7.54
7.14
9.14
11.64
9.95
14.52
10.81
5.08
9.2
12.53
8.13
9.54
2.38
13.97
11.68
5.21
9.58
13.95
9.32
4.95
5.8
9.42
3.62
2.14
3.05
1.06
10.84
11.01
8.19
4.13
1.02
7.01
1.94
11.09
13.81
10.0
10.41
12.37
14.37
13.74
5.58
9.55
5.36
12.23
8.4
9.38
7.96
10.68
8.16
11.19
7.57
1.43
2.26
11.86
5.05
4.72
13.53
7.66
0.39
9.34
13.62
12.12
5.99
13.16
1.78
1.81
9.0
7.05
0.81
3.06
12.23
0.18
9.35
13.76
2.24
7.73
7.27
14.98
12.66
8.4
11.63
5.33
9.43
12.6
5.61
7.68
2.38
10.3
12.9
13.29
9.5
2.66
3.43
8.7
3.45
13.46
13.79
10.83
10.51
1.78
13.08
11.14
4.72
1.74
6.7
2.56
2.23
11.0
10.37
0.94
13.65
9.64
4.59
3.18
12.79
2.44
3.4
10.21
14.22
13.71
0.05
11.92
1.66
7.56
4.12
12.53
7.23
5.37
2.58
5.57
13.2
9.27
6.97
3.7
1.61
0.47
7.33
1.0
6.09
7.77
2.17
3.73
1.57
7.71
14.16
2.43
1.85
14.64
11.14
14.83
13.14
13.52
2.57
9.91
10.43
2.77
10.81
8.27
7.89
6.33
6.75
9.39
5.73
4.5
8.21
10.33
8.9
6.63
0.54
6.83
10.55
3.31
2.38
5.93
14.17
9.08
1.64
0.06
13.96
13.83
13.91
1.99
0.71
6.88
0.83
5.24
6.35
5.12
14.98
2.1
5.7
10.65
11.26
8.71
1.6
8.65
10.39
13.13
14.1
10.05
8.79
11.65
1.75
7.4
6.38
1.55
3.19
2.09
6.64
3.83
1.13
7.43
1.61
8.85
1.13
1.41
9.03
7.48
1.38
8.23
9.33
10.21
7.46
12.53
5.52
13.86
13.38
8.17
3.35
3.95
6.04
8.08
0.29
9.18
11.85
14.61
8.26
6.07
6.7
3.94
7.66
9.17
8.81
0.43
3.8
13.06
6.53
8.69
2.04
12.0
13.37
7.28
1.41
5.98
9.85
8.86
0.8
0.32
6.65
6.74
5.29
10.53
4.42
6.91
12.8
14.77
1.1
3.55
13.22
9.52
6.17
11.07
6.37
4.31
7.81
9.19
13.02
7.32
5.35
5.86
7.11
7.97
6.79
6.04
10.26
0.78
1.34
14.8
12.75
6.68
13.86
9.97
0.47
11.65
10.44
5.76
7.55
14.65
0.11
6.76
13.35
1.25
11.41
8.03
6.72
9.17
3.28
1.7
7.48
14.88
3.39
4.97
10.39
13.0
4.19
13.76
7.19
2.94
0.92
7.23
0.75
0.75
4.48
2.22
8.49
11.15
2.56
10.99
1.44
1.07
6.48
7.43
8.88
6.74
6.17
0.71
10.89
2.46
12.4
4.7
7.29
13.92
0.69
10.5
2.17
6.02
8.84
8.14
6.74
1.88
1.53
5.9
3.44
4.89
1.98
8.19
8.43
13.32
5.57
6.47
13.31
1.78
4.63
4.69
2.17
10.61
2.5
13.44
4.29
14.06
