12.57
11.9
3.6
5.49
4.08
12.62
1.75
2.93
4.49
0.54
1.88
13.43
1.61
11.3
3.06
8.25
9.87
2.25
5.48
9.59
11.67
0.74
5.34
3.93
3.34
6.64
4.22
7.24
8.3
6.59
14.59
8.27
1.47
2.59
6.1
3.38
14.03
1.44
7.09
12.6
5.05
3.04
12.24
3.41
12.06
12.42
14.0
12.28
12.63
11.99
7.98
12.39
9.48
6.15
7.01
5.88
7.78
0.81
13.38
5.69
2.13
2.57
0.1
0.91
3.37
14.77
6.94
3.61
9.91
0.07
13.05
7.23
4.18
11.48
7.67
5.52
11.96
14.54
8.89
10.6
1.32
0.52
4.34
1.18
6.16
12.82
10.2
3.83
4.83
9.84
14.98
9.91
14.31
14.96
2.32
7.88
11.88
13.81
11.18
9.96
8.02
14.88
13.49
6.25
3.72
8.21
10.17
5.37
12.43
12.68
11.62
3.58
10.45
7.32
13.9
9.24
2.22
6.34
10.41
1.12
12.99
4.9
4.68
12.24
8.45
13.08
1.18
7.59
13.43
9.25
0.37
5.41
6.72
14.28
10.52
8.34
2.66
6.25
9.18
8.53
6.7
11.55
1.16
3.62
8.63
8.78
13.75
4.74
6.01
2.64
9.45
12.97
2.4
9.05
7.2
6.84
14.0
9.88
6.55
1.49
13.24
0.08
11.48
7.28
9.4
8.03
11.85
12.24
12.0
7.18
8.18
9.73
8.38
11.77
3.75
9.9
5.25
14.78
10.9
7.57
14.34
12.21
4.32
8.4
6.61
1.73
4.44
12.63
12.46
1.2
9.45
6.38
11.37
14.05
1.8
14.65
0.61
10.51
6.06
14.97
6.29
7.0
4.06
11.04
11.2
7.63
13.39
12.44
7.5
6.52
10.99
10.66
7.06
13.76
9.78
11.55
8.74
4.36
13.32
10.3
4.87
4.35
9.77
13.19
11.99
12.01
2.69
12.58
13.94
7.49
7.36
8.12
6.58
4.97
2.36
9.65
11.86
3.68
10.71
1.48
7.68
3.18
7.28
1.18
0.1
10.21
10.44
8.58
2.98
11.07
10.85
5.64
8.53
2.09
8.57
1.41
2.27
5.77
7.0
3.14
4.31
4.97
11.2
8.08
0.78
2.98
2.33
6.13
3.55
14.69
9.51
7.61
2.83
5.49
11.6
11.93
3.86
8.58
13.62
1.78
13.11
14.24
13.16
11.63
12.1
4.96
0.5
7.46
3.55
13.97
6.45
12.92
4.67
9.89
2.76
4.27
2.07
7.23
14.22
10.71
12.23
4.17
5.91
3.75
13.31
8.74
1.94
8.84
14.03
10.76
7.83
1.95
4.54
7.55
1.62
0.29
2.17
13.38
1.66
3.79
9.77
2.41
2.33
10.39
5.99
2.56
12.42
4.29
5.13
1.08
14.13
4.41
5.05
4.5
0.85
14.09
12.2
5.94
13.52
7.05
8.99
10.93
10.41
2.77
13.19
3.93
14.69
4.3
8.56
12.81
11.55
14.65
4.57
8.2
7.0
11.05
13.45
7.2
1.73
0.4
0.62
11.13
8.72
9.77
1.17
10.43
1.9
7.23
3.23
2.64
11.92
10.19
12.15
12.26
14.7
9.16
13.51
14.93
9.76
1.95
4.82
13.15
7.15
5.24
3.29
2.06
6.41
0.66
13.91
9.9
13.04
10.36
4.91
1.05
12.88
6.26
3.42
10.83
0.64
0.81
9.39
5.48
10.73
7.53
14.87
5.91
14.89
5.08
0.29
10.78
10.15
2.75
11.61
3.07
11.34
8.48
10.03
1.01
3.08
14.13
0.1
9.15
12.33
12.79
5.74
13.49
10.63
5.69
5.91
0.66
0.26
11.01
14.38
8.28
7.17
11.18
1.74
3.61
14.35
3.56
14.07
1.75
14.02
3.58
10.87
14.71
7.66
1.94
2.52
1.9
10.15
1.55
10.55
13.56
14.53
7.55
14.82
2.61
8.69
1.57
10.31
2.83
9.59
7.8
6.33
8.12
3.55
13.29
5.07
11.31
11.45
11.69
3.35
5.29
10.33
2.45
11.55
4.56
8.58
0.98
0.23
6.87
9.66
3.59
8.45
4.58
2.37
4.19
7.93
9.55
10.55
13.0
2.47
11.07
9.66
6.87
13.0
11.53
4.02
13.07
6.09
11.57
0.18
4.47
0.18
13.87
5.78
6.07
10.69
4.75
7.68
13.74
2.65
14.12
11.03
1.19
4.21
9.66
3.68
13.31
8.67
7.99
10.93
8.84
14.01
8.06
11.54
12.31
4.62
2.12
6.3
1.85
7.93
4.72
12.14
13.98
4.91
11.55
8.73
1.36
9.03
5.81
13.76
0.08
0.64
0.17
13.69
7.54
12.72
5.33
5.89
12.53
14.93
3.03
4.37
4.77
2.57
5.26
10.38
3.07
10.76
11.7
4.39
2.96
9.92
14.52
9.0
4.21
5.31
2.63
12.02
13.17
7.03
7.65
12.6
0.35
13.03
6.91
9.49
6.76
6.89
7.05
4.14
2.04
6.48
1.05
7.02
2.61
2.01
7.83
5.57
9.81
13.49
7.99
10.65
14.14
14.05
1.73
0.67
11.22
12.08
5.77
13.41
2.99
9.53
2.97
14.8
10.83
3.21
1.37
14.81
9.05
8.38
14.12
2.03
5.09
9.4
0.03
1.21
14.69
5.92
7.73
9.39
10.38
4.68
12.04
6.26
12.97
8.59
1.82
9.69
0.43
2.84
4.57
3.52
6.99
3.74
12.38
2.62
12.18
0.99
0.56
12.99
0.24
6.15
1.11
5.41
2.42
5.9
12.51
6.34
2.59
6.84
1.72
10.16
5.63
13.44
2.51
0.14
8.46
6.26
11.35
10.51
13.52
3.86
6.63
8.49
10.51
1.31
1.13
6.83
2.64
4.56
12.87
5.74
6.67
5.25
12.71
1.15
4.19
6.01
12.34
7.81
10.98
2.24
12.46
10.2
13.0
1.8
14.36
8.84
14.07
1.11
8.78
2.96
6.83
11.46
3.55
11.34
10.4
7.85
5.23
14.56
5.99
7.52
4.22
0.77
6.54
13.22
5.65
1.48
2.63
8.49
14.36
12.81
3.87
8.63
12.01
13.78
6.44
11.52
6.31
11.89
5.11
10.32
7.17
1.02
13.67
2.74
0.37
5.3
13.32
13.66
8.8
5.64
12.11
5.22
6.98
14.06
2.19
3.36
7.21
13.72
11.89
11.12
12.63
10.6
6.16
1.43
3.46
4.28
4.53
6.14
9.56
4.17
6.02
0.22
1.29
3.94
12.44
11.83
4.14
3.72
2.46
4.01
14.51
9.92
13.84
8.86
13.45
4.41
5.1
7.11
0.65
13.25
1.34
8.14
9.71
10.29
6.85
7.64
0.75
7.57
14.17
13.38
6.88
14.85
5.03
0.01
12.13
2.88
13.38
11.69
3.78
3.92
12.9
4.44
9.84
11.93
6.22
3.6
1.87
6.94
9.55
2.03
13.05
5.58
10.81
12.17
12.51
8.56
11.55
8.79
13.39
10.23
7.79
1.69
12.97
5.56
7.28
3.48
11.33
2.98
7.62
14.54
12.41
14.51
9.68
9.77
9.81
3.35
8.5
3.25
9.85
14.54
6.74
4.0
2.55
4.31
0.14
1.81
2.56
0.51
6.96
3.04
12.08
11.49
7.08
9.93
7.98
3.72
10.82
5.49
10.09
2.22
2.66
7.63
9.57
5.84
4.65
11.32
5.32
2.62
4.22
2.87
6.03
13.86
8.5
7.77
0.88
5.99
9.05
11.07
3.06
1.09
7.32
13.48
5.92
4.6
1.47
8.27
10.11
7.85
14.25
5.95
6.46
2.12
9.4
14.62
10.47
9.49
7.79
2.84
11.01
3.42
8.22
2.71
13.75
8.3
12.65
9.37
1.18
14.15
6.04
3.71
7.86
3.08
8.4
0.59
4.55
11.38
12.84
8.06
10.75
14.64
7.73
1.8
8.8
5.28
2.05
2.83
3.39
6.18
2.85
10.75
6.99
9.28
1.29
2.51
13.21
7.96
7.39
1.43
5.37
4.44
6.26
4.23
6.76
4.95
12.68
7.89
9.89
7.94
11.62
0.46
13.34
0.31
6.27
6.92
3.78
1.96
9.37
10.85
14.42
5.11
12.28
11.12
6.19
3.59
8.13
1.31
4.28
12.97
7.44
11.21
4.34
5.16
10.02
7.73
5.23
5.65
8.36
6.7
11.55
1.45
6.23
9.76
9.03
0.66
13.57
10.09
0.33
12.46
1.42
0.6
7.03
5.02
11.43
4.57
6.24
10.98
2.63
7.05
7.62
5.41
8.64
14.61
4.46
10.08
14.5
11.83
0.6
12.44
5.75
14.76
13.99
10.89
10.78
9.97
4.54
12.31
4.31
12.1
9.95
2.16
6.09
13.98
10.74
9.19
2.28
6.33
1.36
3.76
12.62
2.98
13.13
0.91
1.26
11.72
11.52
6.91
1.24
2.68
8.06
0.61
3.57
10.98
11.92
10.49
1.8
3.78
5.82
7.13
12.05
4.91
12.71
13.75
12.1
3.36
10.34
9.31
3.26
3.34
8.38
6.26
0.76
0.55
12.42
6.94
2.96
5.33
3.33
3.74
5.86
3.94
4.05
8.3
12.14
10.73
4.35
12.59
9.9
13.61
0.99
11.52
13.45
14.86
6.33
1.25
3.58
6.36
13.41
14.92
13.55
3.19
10.48
2.79
4.41
1.05
6.21
2.7
5.75
1.58
12.66
5.17
13.5
1.87
5.26
3.02
4.92
4.93
12.87
7.47
6.29
14.55
9.77
14.79
14.06
13.0
2.74
3.92
1.36
5.98
2.66
3.74
13.78
1.12
5.18
4.75
0.92
14.38
6.4
3.13
11.39
8.46
4.5
4.04
3.8
2.32
8.65
8.03
7.16
6.8
14.77
13.55
1.78
13.68
4.3
3.71
5.88
0.09
0.65
13.72
13.13
4.84
2.74
0.99
0.51
4.35
13.2
14.16
2.03
5.7
13.65
7.81
5.28
0.06
11.32
6.39
13.1
5.93
8.12
0.01
8.14
9.79
14.44
7.73
8.89
11.7
3.89
0.85
6.4
1.62
11.9
13.63
0.77
3.31
11.83
6.63
4.71
11.5
1.82
8.95
6.01
2.08
6.75
6.33
9.1
13.17
0.39
8.97
9.11
7.12
13.4
9.67
5.09
10.79
12.1
3.48
5.87
