10.96
14.54
7.62
9.83
3.08
11.01
2.13
6.01
14.48
10.34
4.38
9.16
14.23
14.81
7.6
12.15
1.4
14.93
10.92
4.05
6.32
10.67
2.48
11.31
7.81
2.46
10.14
8.33
0.42
3.77
13.85
5.03
0.98
6.4
8.03
14.17
11.6
8.92
14.22
10.7
10.07
1.0
6.08
0.53
14.33
0.12
10.32
10.98
9.51
7.36
5.83
4.52
8.68
5.35
8.52
2.59
14.8
5.39
9.84
9.35
0.13
9.42
14.45
1.79
7.65
6.57
10.72
1.51
3.61
11.8
13.58
0.5
9.49
9.45
3.34
13.05
0.77
12.13
4.89
8.03
2.44
8.94
12.67
4.65
4.83
0.44
10.83
0.97
0.73
6.98
13.87
8.25
11.37
10.46
12.57
8.91
14.1
7.12
0.13
13.27
1.54
11.22
11.65
10.38
13.25
1.62
11.74
9.66
1.19
6.74
8.58
5.81
4.66
4.44
3.7
10.09
9.9
3.8
4.27
4.74
12.03
13.08
10.96
11.8
10.39
12.48
11.32
13.19
12.23
4.21
14.13
4.75
10.9
1.6
2.79
10.5
8.41
10.21
1.47
12.66
4.77
8.51
6.36
0.91
2.84
9.91
0.28
11.15
14.06
5.37
5.69
7.31
11.16
5.07
9.56
12.91
14.55
8.46
10.31
1.34
1.52
8.17
9.01
8.09
5.32
1.2
10.33
3.97
3.75
5.62
14.73
10.3
11.95
13.83
1.76
6.78
5.18
2.33
7.11
7.47
11.67
7.99
5.82
13.93
14.77
3.22
6.43
3.53
8.48
3.54
3.57
5.29
6.46
3.32
7.31
0.54
2.49
8.93
6.5
10.81
8.55
10.2
0.94
0.13
0.63
15.0
6.88
9.83
9.38
4.0
11.92
8.39
5.92
1.98
6.51
12.94
4.94
6.53
2.25
3.59
1.12
13.81
3.03
1.39
9.05
11.68
12.81
6.38
12.18
9.18
2.51
2.97
4.54
5.08
2.69
13.68
9.77
9.77
8.8
12.41
6.14
14.71
9.79
6.48
8.33
14.55
3.0
6.6
4.36
14.16
7.1
7.8
10.09
11.24
13.08
4.46
10.43
11.33
1.49
0.18
3.89
11.0
0.08
14.33
11.65
6.43
0.13
3.54
3.67
2.41
7.08
11.04
12.99
10.18
14.67
1.6
7.16
5.44
2.67
7.56
1.38
14.37
13.51
13.52
4.22
13.06
10.76
9.05
6.51
4.02
13.02
12.52
9.19
14.97
9.46
6.66
4.58
7.69
9.42
10.95
4.3
8.66
8.38
1.57
3.62
14.15
0.69
11.38
0.37
12.97
11.67
9.44
13.89
8.11
6.12
9.26
3.75
4.66
2.77
10.93
6.92
1.38
1.27
11.85
13.36
5.06
9.76
12.23
14.53
10.11
13.48
3.27
13.79
10.09
0.97
1.71
10.33
4.18
9.52
5.65
14.61
4.47
4.1
1.21
0.28
14.16
10.47
8.48
0.4
8.29
0.78
2.51
8.02
1.01
12.75
6.65
11.3
0.94
12.61
3.99
7.55
8.95
5.61
7.38
1.1
7.97
0.84
11.25
10.85
2.53
14.24
7.82
6.91
11.8
1.1
2.52
11.76
0.96
13.96
13.21
14.53
13.42
2.3
0.19
6.16
12.15
10.59
1.75
13.23
14.06
0.72
8.73
13.3
0.74
14.19
9.01
5.85
11.76
14.33
11.58
12.96
0.85
3.46
14.67
9.78
3.71
5.68
7.78
6.14
7.78
10.46
2.32
13.61
10.29
8.2
8.41
0.63
8.02
3.16
10.85
9.21
13.33
7.39
10.91
7.62
13.08
13.24
6.63
6.59
6.77
6.29
2.04
12.54
9.62
4.62
8.22
4.79
0.87
3.91
2.87
0.49
9.91
14.93
3.33
0.9
13.54
3.41
12.49
11.41
2.15
3.55
2.2
10.05
6.33
12.77
1.0
4.02
4.39
8.05
11.36
14.7
9.88
2.85
7.71
11.02
1.62
7.49
13.73
4.59
6.27
12.89
1.12
3.65
1.7
12.99
1.3
14.03
12.6
4.77
8.4
7.65
9.54
8.27
7.97
13.06
3.37
10.06
10.66
13.49
14.44
12.61
10.16
8.64
2.91
11.86
13.45
6.16
0.31
10.3
14.23
13.65
11.58
5.47
12.16
5.52
6.36
9.9
8.98
9.64
14.56
0.77
5.49
10.22
11.22
11.6
9.05
2.15
14.91
1.76
5.61
4.26
12.52
8.61
1.58
0.42
3.46
0.16
4.06
0.89
0.79
3.65
5.34
8.03
9.78
12.3
4.86
11.68
4.49
10.37
0.34
13.3
8.37
6.27
2.6
0.59
10.53
14.0
13.34
6.2
13.72
14.14
11.16
1.79
10.24
14.16
9.82
11.29
7.48
0.23
6.1
2.1
6.8
6.34
0.81
2.27
4.93
0.91
9.0
12.11
2.62
8.57
10.71
2.55
9.84
1.05
9.51
14.99
12.1
8.4
14.98
2.76
7.87
11.33
12.23
6.51
6.75
9.46
1.41
10.29
9.84
1.77
7.88
4.62
7.16
11.17
4.07
2.48
1.83
0.29
12.08
11.02
9.85
1.3
9.15
5.46
6.83
14.92
10.69
2.65
2.59
6.0
7.23
7.34
5.79
10.97
6.51
2.98
2.84
11.28
1.53
14.45
8.78
0.05
10.04
3.48
13.55
4.45
8.72
4.1
13.07
13.61
10.14
1.57
10.9
7.37
6.95
6.87
2.13
3.43
9.32
13.58
8.19
10.38
9.12
10.59
3.44
14.56
4.41
13.99
3.43
6.08
13.5
7.26
3.15
0.78
3.58
5.81
9.63
0.91
5.52
14.32
13.15
6.8
5.76
4.89
5.12
7.45
2.3
9.6
3.21
7.6
1.47
10.83
11.68
0.52
4.09
3.22
0.51
9.56
7.59
14.5
12.85
6.74
11.73
9.28
13.8
14.55
14.1
8.96
7.16
3.24
4.16
13.06
12.38
6.85
9.95
6.92
4.3
10.41
3.06
6.31
13.97
3.0
14.35
1.47
9.9
14.32
8.62
14.62
11.03
7.64
7.33
12.06
8.75
14.56
10.51
6.65
10.87
12.74
11.88
1.47
9.56
0.13
0.71
5.07
0.51
12.91
1.56
12.18
14.83
5.98
0.32
3.21
6.55
5.74
7.95
7.65
2.49
3.11
4.49
9.5
11.66
0.17
13.84
0.26
2.13
10.16
9.98
4.73
5.69
1.76
10.25
7.38
14.15
4.29
10.9
6.96
4.49
2.52
0.49
13.1
1.5
7.12
1.73
9.92
8.49
1.03
4.35
9.05
0.28
1.52
0.86
12.93
12.41
13.47
2.61
5.22
10.81
14.67
2.03
9.3
6.55
6.33
10.08
3.83
12.17
6.44
3.78
1.59
2.58
10.42
3.23
2.82
12.19
13.72
13.96
8.98
5.71
12.92
11.79
7.93
7.85
12.11
12.17
2.32
7.91
13.94
0.55
4.77
3.44
1.86
6.85
11.64
14.34
14.15
0.4
3.03
5.64
6.92
7.3
0.89
3.84
10.38
5.48
7.27
13.79
4.29
3.42
5.34
14.27
11.67
4.32
11.77
11.9
4.16
3.79
4.91
8.7
2.48
7.25
2.2
10.53
12.66
6.11
5.85
11.26
9.24
13.26
6.42
10.48
14.17
12.36
13.49
6.84
9.96
4.83
3.19
10.62
3.88
5.61
0.88
11.04
2.04
7.1
13.89
4.27
4.95
11.26
10.22
7.65
1.77
5.59
14.48
13.42
1.68
13.65
11.92
8.95
11.45
5.21
3.84
1.94
12.03
8.67
13.26
1.26
6.15
8.11
6.21
0.87
12.08
13.9
3.87
4.67
9.24
6.05
8.34
0.02
5.58
6.28
5.48
8.87
0.39
2.15
11.74
1.95
13.82
8.85
4.48
9.48
0.87
0.65
9.8
6.11
11.53
8.73
2.73
7.62
14.43
4.14
8.91
2.41
10.99
10.43
0.88
12.06
10.14
8.98
7.98
8.35
14.66
13.0
9.05
4.0
13.2
4.28
1.24
5.53
11.51
5.65
11.99
8.36
8.2
2.62
6.76
2.78
3.51
12.07
0.98
0.66
11.88
4.18
3.63
1.79
7.15
7.08
7.51
0.38
7.2
4.57
2.31
7.29
3.46
11.18
8.9
5.88
3.79
10.79
11.52
0.01
14.41
5.63
1.91
14.34
11.39
13.37
6.43
8.14
12.93
4.19
1.58
12.93
9.62
0.36
12.43
0.69
9.27
5.47
14.28
2.38
13.02
7.51
2.45
3.09
8.28
11.05
10.68
6.56
0.38
0.04
1.95
13.41
0.0
1.73
6.6
10.88
2.14
1.77
1.16
4.62
6.89
3.8
4.14
6.15
7.51
10.92
0.4
5.71
12.01
7.65
4.09
0.15
7.66
1.56
9.85
2.25
1.81
0.34
7.7
7.36
12.83
4.1
7.07
4.77
13.97
14.72
8.37
11.48
1.79
12.4
7.64
14.32
1.74
0.99
13.18
2.95
5.38
3.38
13.54
11.5
4.93
8.04
14.74
8.77
14.43
4.52
1.09
2.46
5.61
11.46
8.98
12.8
11.89
3.66
5.81
14.46
13.85
5.09
0.02
8.48
4.28
12.33
0.47
13.88
3.12
13.18
14.38
7.21
10.39
9.16
13.74
6.46
14.09
14.67
11.65
12.18
5.62
10.67
14.41
11.23
5.61
7.57
6.51
13.01
2.56
7.94
10.97
1.29
1.2
14.75
14.37
7.98
0.7
10.74
2.32
3.65
10.77
3.09
14.76
1.73
14.16
10.01
13.81
9.02
5.13
4.85
0.99
5.78
3.01
1.59
0.99
9.01
1.76
0.89
11.56
10.7
3.06
4.8
4.57
9.14
11.05
1.69
11.51
12.84
9.49
3.02
1.81
3.42
12.42
14.66
7.76
11.68
2.27
8.7
4.26
12.35
14.25
3.42
12.88
7.37
3.49
9.29
14.86
7.43
6.93
4.29
9.99
10.98
5.19
9.88
2.33
4.86
11.3
5.19
11.75
5.61
2.85
9.35
1.43
11.3
1.51
11.57
12.43
3.5
3.23
10.09
3.82
0.22
9.8
12.76
14.77
4.96
5.44
6.57
10.2
11.44
6.98
0.43
6.57
7.76
10.34
2.03
6.1
8.29
9.68
8.83
3.14
9.02
7.23
12.39
