4.75
12.37
10.3
1.67
5.91
8.7
7.12
7.2
11.45
14.62
10.11
11.25
9.51
0.11
4.44
4.66
0.06
6.75
3.88
12.81
5.91
8.99
9.26
5.25
12.21
13.89
10.54
4.42
10.05
0.65
13.37
12.63
2.77
1.55
13.96
0.35
9.55
5.26
6.7
14.96
0.1
14.45
0.72
13.34
3.84
12.86
14.12
4.89
9.45
13.24
1.68
9.32
4.34
2.32
5.75
1.17
8.94
11.14
11.41
10.39
2.24
1.41
11.14
2.97
5.39
10.26
11.08
12.1
11.18
8.02
0.49
10.55
8.36
7.01
1.32
9.98
8.85
10.84
8.27
13.03
0.71
14.45
13.35
3.29
13.69
7.18
0.95
3.09
12.15
8.56
9.61
13.39
0.3
6.9
14.08
0.22
9.6
5.98
6.3
13.81
8.47
1.17
6.1
3.63
3.75
13.15
0.98
1.06
4.16
11.85
13.97
4.04
0.39
8.61
4.5
3.9
13.63
13.5
12.68
14.4
5.68
1.84
0.34
3.87
7.81
1.91
11.55
7.2
14.95
8.59
7.55
9.68
9.31
1.57
4.09
1.7
5.03
5.71
5.73
8.83
0.42
1.01
8.28
8.6
10.47
12.62
2.09
14.41
4.8
7.28
2.6
13.0
10.77
11.82
12.78
7.23
13.82
10.33
8.17
13.18
12.54
3.87
5.46
11.94
3.03
3.78
4.18
2.71
4.41
0.62
0.72
10.11
14.18
14.26
13.92
13.17
4.73
0.99
14.2
6.86
0.96
6.67
0.96
13.28
14.0
6.01
4.82
12.19
13.87
6.72
10.57
4.45
2.96
7.7
9.65
14.92
14.54
10.45
8.77
4.64
0.49
9.04
14.7
8.39
2.4
1.79
7.39
14.25
3.91
0.96
11.1
6.84
11.17
7.53
8.07
7.96
13.05
14.77
11.61
10.43
12.77
8.17
13.67
0.48
7.4
7.99
2.26
11.34
2.9
12.76
4.13
1.31
1.0
0.89
8.03
7.36
3.83
8.8
8.31
13.99
3.85
12.15
14.59
9.25
6.41
11.54
11.3
4.19
0.09
12.98
9.27
9.55
14.17
6.87
3.26
13.82
11.15
6.75
8.34
2.61
5.71
0.62
7.65
8.8
0.53
13.97
12.11
9.51
13.3
12.7
4.18
4.58
4.17
1.19
8.07
1.8
0.13
4.45
2.39
2.88
0.34
14.53
4.54
10.59
9.52
14.81
11.43
7.63
13.47
3.64
5.86
9.1
3.62
12.98
5.82
6.12
1.27
13.34
3.02
6.55
3.1
5.58
2.66
13.52
4.34
10.77
6.52
11.33
10.5
4.64
1.22
3.94
9.79
0.87
5.93
3.05
2.18
7.97
1.84
1.22
0.29
9.46
10.04
6.42
13.23
11.31
10.59
0.9
7.47
14.22
13.81
2.28
1.32
3.55
9.93
9.7
7.32
2.99
7.63
9.98
1.94
12.77
12.77
9.1
14.83
14.54
7.86
9.55
7.6
3.71
11.58
4.45
9.99
3.56
12.06
14.58
6.92
6.73
0.27
3.46
2.88
4.06
8.85
8.41
8.73
13.27
1.18
0.77
5.86
13.69
4.32
3.08
3.06
13.23
6.89
1.15
8.08
6.9
10.59
0.92
14.38
7.29
0.42
6.26
1.94
7.23
6.82
8.67
1.04
13.33
2.76
9.55
5.93
2.03
11.01
6.78
3.62
12.16
14.94
1.75
8.73
10.38
3.67
2.62
13.05
4.86
10.13
3.02
0.34
2.59
13.91
14.57
5.24
10.56
4.23
4.5
1.01
8.71
10.69
12.77
9.73
8.15
14.53
2.47
11.45
0.04
11.2
10.29
10.14
2.03
11.72
2.33
9.92
12.23
5.96
14.2
2.7
2.26
7.16
10.93
2.67
10.94
0.12
1.25
6.37
11.58
1.64
7.96
14.62
13.76
4.84
8.19
14.86
5.8
13.53
8.86
5.17
2.35
6.93
0.5
1.96
14.66
3.35
0.21
6.64
10.88
2.56
14.72
3.9
10.44
6.66
12.67
5.44
3.12
0.47
0.92
4.57
5.47
6.6
0.07
5.64
2.41
3.35
11.72
8.48
6.78
10.15
4.99
8.43
1.57
4.56
14.23
2.15
7.35
1.01
7.18
6.51
7.26
6.43
10.62
9.35
11.71
4.09
1.08
3.52
5.46
4.68
2.78
0.47
3.18
11.84
9.39
13.33
5.43
14.98
6.57
0.58
6.77
2.51
3.87
6.5
13.03
10.23
12.57
4.34
4.33
12.61
3.18
4.78
9.28
3.31
5.33
4.63
14.01
13.3
4.12
3.62
5.95
12.03
4.92
6.83
7.31
13.12
10.57
11.78
3.92
12.74
11.15
11.96
12.54
9.66
12.27
7.55
10.35
14.47
10.0
10.87
7.83
9.9
14.54
14.13
0.63
13.82
0.65
4.39
14.71
8.84
5.3
1.52
8.19
5.36
13.8
3.4
6.64
14.89
13.74
6.39
0.95
6.55
11.7
12.31
7.99
4.72
2.13
12.21
11.51
14.93
8.44
3.07
8.05
6.86
5.9
8.37
1.1
10.97
2.37
11.76
11.21
12.94
12.45
9.13
8.48
7.97
1.88
2.88
5.43
11.94
5.99
7.31
9.26
6.06
0.86
7.78
4.3
8.55
13.79
2.87
13.76
13.97
8.48
14.25
14.88
9.18
0.79
0.08
14.16
6.56
6.94
6.86
0.58
10.51
12.78
5.52
4.59
12.81
2.12
2.96
2.06
4.84
1.93
5.22
13.03
13.28
1.88
14.74
3.43
11.33
13.17
3.02
13.22
1.65
13.01
4.25
14.38
1.53
13.01
12.88
3.2
10.49
1.42
4.23
4.62
7.84
13.93
3.55
8.01
6.28
6.06
6.77
14.61
2.67
6.72
12.95
14.78
1.14
3.86
13.77
3.24
11.15
3.89
1.88
7.63
2.82
0.98
1.23
1.45
10.64
3.43
1.44
0.23
11.45
11.7
1.56
3.4
14.89
9.89
9.15
5.52
3.46
8.82
9.16
6.1
0.8
12.36
9.37
6.23
4.64
9.5
5.86
10.6
7.67
0.86
6.54
9.05
4.31
11.15
7.65
3.36
7.34
4.32
2.39
11.33
9.88
2.42
3.63
10.72
0.65
9.63
4.45
6.38
9.99
2.91
3.54
9.93
11.92
3.73
9.41
1.87
10.12
13.5
2.37
11.96
13.82
9.03
14.57
1.62
13.07
5.61
9.87
4.47
12.88
4.75
14.74
13.56
14.4
8.28
5.01
3.14
12.97
8.61
12.13
0.71
6.72
3.82
9.87
10.83
1.44
5.9
13.15
10.78
0.09
14.27
14.02
5.41
5.33
11.0
7.51
2.38
10.4
2.42
4.04
14.4
1.37
9.79
1.12
3.6
9.61
7.11
6.3
10.72
14.91
5.48
3.4
9.23
3.07
7.44
7.2
9.12
10.66
13.31
4.45
13.55
11.76
0.28
10.27
13.25
12.01
12.16
1.01
13.98
9.34
5.07
13.21
6.24
0.91
9.87
10.53
8.7
1.0
4.47
10.03
8.24
8.76
8.98
5.53
12.77
9.84
4.32
0.92
13.83
6.7
12.77
3.35
3.58
1.22
0.2
8.74
6.2
10.25
14.92
0.19
13.95
1.82
5.76
3.82
4.74
13.32
8.95
5.49
7.23
4.39
9.35
0.45
14.88
3.8
1.66
4.24
14.86
3.05
1.89
7.2
3.38
12.41
9.3
3.39
3.19
2.45
1.69
1.28
14.83
11.75
9.4
2.51
3.08
6.46
9.65
6.65
10.19
2.78
6.98
10.47
5.77
12.47
0.38
14.65
9.49
14.01
7.77
10.43
14.28
5.47
14.74
0.76
10.49
1.35
14.68
5.52
13.63
12.87
0.44
0.53
10.83
2.06
4.65
14.68
6.03
13.58
6.36
9.86
1.79
12.87
0.95
9.95
9.43
14.67
6.22
4.69
2.55
4.68
12.71
0.66
1.74
2.67
12.2
6.14
3.97
14.03
2.85
10.62
3.86
3.26
13.46
5.97
10.38
13.95
14.24
3.49
7.66
10.04
13.71
0.37
6.03
7.7
11.01
6.54
2.52
14.19
13.86
4.29
11.9
2.54
4.65
14.05
1.88
7.17
7.42
4.92
5.85
6.14
1.17
1.54
7.51
10.33
10.0
3.62
10.25
7.89
10.34
6.97
9.14
13.06
3.06
14.94
0.19
5.64
1.28
13.49
2.69
13.48
5.54
10.91
12.45
8.57
3.59
4.35
14.37
2.53
8.76
2.67
4.8
5.39
14.73
9.41
9.69
11.58
8.84
11.38
4.42
13.44
14.64
7.42
14.86
10.39
3.0
9.59
11.77
10.75
11.31
0.12
4.95
7.39
0.87
0.6
6.6
4.83
14.54
11.46
5.2
8.32
6.43
5.66
10.48
13.05
4.15
3.58
9.2
9.31
7.33
8.68
8.75
9.55
8.44
2.99
5.5
13.66
10.2
11.25
6.35
1.75
6.46
6.57
4.5
12.83
0.32
12.64
1.21
3.92
13.83
4.59
2.93
13.06
5.36
11.81
9.13
2.93
2.51
13.42
11.39
7.58
11.47
10.1
6.86
12.84
12.37
6.72
11.75
8.83
14.38
1.85
12.18
7.51
14.66
4.75
13.75
0.22
3.88
13.86
10.94
11.24
3.46
4.03
8.85
6.86
7.49
9.94
11.88
7.87
10.0
9.37
12.72
4.86
10.35
14.49
8.23
5.04
13.01
13.92
7.44
2.69
10.35
14.17
10.65
9.56
12.53
2.4
7.16
5.46
10.38
4.71
5.3
2.1
3.94
1.86
14.93
14.01
14.64
6.67
5.59
0.2
13.49
12.23
10.37
14.01
13.48
4.21
11.92
5.72
10.95
1.16
9.55
8.31
13.53
12.85
4.03
14.49
5.83
0.79
13.11
8.66
13.66
14.28
14.68
9.89
7.97
13.07
13.28
6.77
6.55
7.69
13.37
12.58
4.57
0.67
3.77
2.67
9.44
2.83
4.7
11.92
5.19
2.84
13.42
4.87
13.29
7.26
4.3
12.04
4.7
1.96
4.95
3.05
7.21
7.68
7.63
1.17
3.04
4.56
12.02
12.21
7.44
13.23
7.34
4.66
10.36
11.74
5.2
10.47
4.28
11.47
8.46
13.74
11.38
8.16
13.71
9.21
13.94
13.11
9.48
5.32
10.53
