13.5
8.21
7.51
14.87
1.61
7.39
6.64
6.15
10.38
11.56
1.0
10.46
14.14
3.81
14.64
9.89
11.56
13.03
12.18
0.02
9.89
10.14
7.46
12.87
13.42
0.97
6.98
5.38
5.37
4.39
11.29
1.56
0.39
12.15
10.55
7.81
7.87
6.22
3.61
11.85
5.42
7.84
0.38
13.92
14.84
13.85
14.91
1.07
7.5
1.0
0.83
6.42
13.54
9.19
7.39
14.41
0.9
2.5
8.15
14.13
3.64
10.13
14.84
11.69
0.37
2.79
12.51
11.85
5.24
10.64
11.38
5.88
10.35
5.93
0.68
3.64
6.73
10.91
9.58
14.68
5.17
13.46
12.75
4.72
2.96
9.13
7.99
5.2
11.76
12.71
1.19
12.05
14.83
1.57
6.05
11.07
12.95
2.42
7.48
0.1
11.85
10.34
2.15
11.11
12.34
3.73
9.16
3.79
4.78
3.49
9.52
3.19
0.39
0.02
10.94
6.45
1.32
2.32
12.47
13.37
7.76
2.23
1.34
2.86
10.67
11.4
1.03
0.81
4.78
1.08
7.73
3.14
2.12
10.72
2.45
8.02
14.2
10.73
14.24
1.56
1.37
4.14
9.54
7.62
1.85
1.05
8.9
2.64
8.13
3.59
7.32
7.96
0.89
2.78
14.51
3.58
4.52
2.0
11.31
11.86
3.94
3.26
11.23
10.67
13.04
10.88
5.99
5.62
12.06
1.35
2.64
0.66
4.4
5.09
1.79
5.1
6.33
1.19
13.7
14.71
7.98
0.37
5.29
8.76
9.89
11.28
12.9
4.37
3.09
7.48
2.28
14.16
8.15
14.02
4.04
11.1
8.33
5.02
12.49
8.49
8.69
7.6
10.78
1.63
10.67
1.07
11.81
13.19
8.23
4.71
11.48
14.69
6.79
10.02
13.48
1.16
2.64
4.88
8.9
11.3
0.43
5.72
8.93
8.65
9.76
12.03
14.45
13.65
1.36
6.87
10.02
7.77
3.93
12.36
11.42
11.73
11.39
5.9
1.87
4.36
12.48
4.1
11.11
5.41
5.4
6.55
10.72
5.36
9.38
7.89
0.2
11.91
5.63
0.35
4.69
6.94
5.09
9.4
9.38
13.95
12.86
7.44
11.68
6.43
8.39
1.25
11.92
14.53
12.5
14.4
13.2
0.58
8.69
10.73
4.08
0.95
4.95
2.2
14.95
4.05
0.72
0.67
11.01
3.4
14.72
6.48
7.78
13.35
11.79
14.88
13.77
3.33
9.26
6.73
11.43
5.93
2.27
4.81
1.68
10.82
6.51
12.79
4.38
13.97
9.38
7.11
3.06
8.23
3.5
4.47
8.51
5.54
9.61
5.24
10.25
2.8
13.42
7.66
2.46
0.13
10.1
5.79
6.84
6.43
1.32
8.93
7.49
10.71
0.51
0.58
9.38
9.92
4.69
8.43
12.46
9.62
14.72
14.78
6.89
11.84
14.14
5.29
0.04
11.23
10.63
9.55
12.92
7.0
6.07
13.11
1.87
9.03
7.92
9.37
11.73
0.0
6.31
3.45
8.61
10.53
9.72
1.06
3.73
4.19
1.19
13.62
8.43
14.25
12.43
1.39
3.21
0.87
10.46
2.82
3.73
1.18
2.98
2.51
11.63
10.61
1.32
4.21
8.21
4.47
13.99
11.49
9.31
8.29
7.01
3.07
7.44
7.45
7.22
10.61
5.92
3.99
6.68
12.07
14.7
13.04
0.95
8.97
0.5
10.98
3.97
3.35
7.73
8.84
5.75
6.95
7.53
10.04
0.54
1.15
0.47
13.05
11.54
9.59
12.18
9.98
13.43
7.31
13.29
1.59
6.24
4.68
2.35
6.21
5.03
6.79
12.95
12.38
6.59
12.69
0.87
13.44
2.01
11.76
12.19
4.09
1.61
3.44
10.25
10.31
7.85
8.16
3.93
5.6
3.43
0.41
12.63
11.7
12.38
12.59
2.79
5.66
7.14
7.01
8.08
6.83
11.58
1.71
12.98
14.93
11.06
6.32
1.22
11.41
9.07
13.49
3.31
13.73
0.83
12.75
6.41
9.34
13.77
13.52
1.36
13.94
8.03
2.92
2.86
9.09
9.68
1.88
4.27
11.9
10.08
11.92
1.84
9.08
10.2
9.95
6.91
8.85
4.61
4.82
11.75
8.51
6.69
8.36
3.39
13.84
2.49
0.94
11.26
8.7
12.99
7.13
13.89
11.86
8.1
12.49
9.69
0.14
13.17
10.64
4.78
13.31
2.09
6.79
12.91
7.15
6.63
13.6
13.1
5.94
13.71
1.24
10.37
7.41
10.59
5.56
7.67
0.48
1.64
5.62
2.51
2.23
3.65
0.64
5.54
3.46
9.12
6.16
5.14
11.9
3.82
6.47
2.82
10.95
8.17
13.17
0.74
7.35
5.24
5.72
12.04
2.71
5.38
7.7
3.3
4.14
10.18
9.95
13.85
12.7
4.07
12.74
0.85
8.44
13.43
13.23
0.28
14.83
11.91
3.78
5.9
8.8
8.9
7.88
9.9
2.24
9.35
11.54
6.83
4.35
0.16
14.49
4.13
14.39
7.28
2.6
10.52
6.52
10.74
13.45
12.44
12.08
13.55
4.77
7.78
5.71
7.13
14.17
8.56
5.89
6.56
6.36
9.02
3.97
13.69
14.92
2.34
5.46
2.23
0.15
8.79
10.73
6.31
10.95
7.83
4.64
12.36
6.64
11.7
12.33
11.93
6.22
14.9
14.88
8.12
13.53
8.79
6.7
4.17
7.39
5.35
3.48
2.34
2.25
11.45
13.45
9.35
10.42
14.59
3.5
12.57
7.49
6.22
6.43
5.98
8.35
0.23
5.67
9.44
11.73
10.67
12.19
1.49
7.28
14.1
12.19
10.6
5.01
9.76
8.51
5.85
2.27
2.2
14.25
1.14
5.83
4.35
3.55
7.76
5.52
5.04
7.5
12.18
8.95
0.81
3.1
14.94
4.43
13.84
7.08
9.58
7.45
13.11
4.3
0.08
10.32
8.48
10.4
1.55
14.46
5.04
0.61
5.43
12.7
8.39
11.23
12.48
0.64
5.79
1.7
7.93
9.04
10.12
13.58
12.72
1.39
9.14
12.63
1.67
12.33
2.15
10.84
2.87
14.91
3.07
2.27
10.78
4.5
10.47
3.71
5.72
5.7
4.19
14.3
1.97
2.22
0.05
0.96
11.98
6.81
7.18
0.87
2.22
5.02
1.4
4.6
8.12
11.49
9.93
9.83
5.19
11.76
14.58
1.22
12.88
9.13
10.62
0.69
9.71
8.32
11.26
9.13
0.88
4.96
4.94
1.91
4.02
10.72
4.22
2.48
1.7
1.21
12.97
9.59
2.83
13.65
1.48
9.7
4.86
1.12
4.2
6.13
8.38
12.24
10.74
2.55
10.97
0.08
1.48
2.73
13.06
3.43
4.89
13.43
4.81
0.69
9.88
13.81
0.15
13.21
8.51
0.94
2.39
13.87
8.44
14.84
0.66
14.86
4.29
4.68
5.13
6.49
6.75
2.95
13.89
10.17
12.08
12.71
5.01
14.56
0.12
7.42
5.24
14.49
0.41
2.95
1.84
13.64
1.12
12.12
0.34
13.29
2.56
13.93
3.24
1.31
8.28
7.73
7.51
7.68
11.92
5.56
3.69
9.14
10.61
3.91
8.73
5.79
3.52
0.84
2.76
13.31
9.14
6.97
11.91
13.84
9.65
11.82
7.57
1.15
1.52
12.82
14.14
13.84
13.31
12.95
1.81
1.51
2.15
14.39
2.58
9.49
2.99
6.59
5.88
14.61
7.84
5.19
4.56
6.79
6.51
4.94
8.39
1.73
14.42
10.44
7.86
9.52
0.38
11.47
0.06
2.01
12.5
9.69
1.73
3.12
3.75
1.09
0.64
5.53
7.73
8.6
8.56
1.59
12.32
14.0
1.83
5.92
5.14
1.25
10.81
11.61
1.22
1.4
10.6
1.23
6.44
2.43
4.75
8.42
4.77
3.37
14.93
1.04
6.95
5.04
10.77
13.6
0.09
3.28
12.03
14.65
7.12
13.63
2.91
6.34
7.27
8.01
2.18
10.49
2.93
12.83
3.89
4.4
3.93
3.77
8.1
14.88
12.63
9.44
6.15
3.48
2.51
14.18
10.18
6.9
9.02
1.58
12.36
5.2
13.48
4.19
6.22
12.11
8.6
13.59
5.63
10.2
3.38
11.78
2.81
8.97
8.53
0.8
11.3
3.83
2.26
1.07
9.13
4.2
12.87
12.21
10.09
7.73
4.9
6.71
13.22
2.36
1.29
14.3
13.23
0.2
6.17
3.05
10.35
6.24
5.42
6.31
7.26
13.23
8.32
14.47
2.7
6.13
5.59
7.13
7.01
14.19
5.04
13.01
3.95
8.18
8.51
3.14
14.2
6.0
11.95
1.01
8.31
12.81
11.52
1.48
13.94
3.31
8.82
4.11
13.47
5.64
2.07
14.85
8.64
12.51
2.64
4.06
6.42
1.12
13.23
6.4
11.11
3.17
13.71
3.02
8.43
11.08
0.79
5.24
12.12
8.62
1.29
3.92
14.82
10.58
14.39
3.82
7.94
6.98
5.26
6.66
4.17
10.15
11.9
5.07
1.37
2.23
2.6
1.79
14.66
13.61
6.87
2.88
8.86
12.48
4.04
0.56
3.57
11.98
8.32
8.93
7.18
5.45
8.83
8.06
13.8
2.08
11.8
5.76
9.5
0.2
10.66
1.19
14.18
6.67
13.58
3.28
12.16
9.2
10.19
8.65
11.88
0.29
1.86
14.8
13.21
6.02
11.57
9.22
0.47
4.72
2.15
10.08
4.84
12.57
6.35
9.03
6.18
7.87
4.02
9.47
7.94
10.39
6.03
13.54
0.47
5.99
2.96
4.22
11.12
13.26
13.72
14.89
6.3
3.23
2.69
7.77
1.59
6.43
3.32
13.1
1.05
13.69
12.33
14.68
14.77
14.61
2.59
14.43
14.82
10.35
0.96
9.05
7.03
3.04
2.3
8.05
12.38
9.81
13.11
13.46
8.77
1.19
5.66
13.76
6.99
7.25
5.69
14.4
9.14
2.76
5.62
8.06
4.73
3.49
13.41
4.61
7.75
1.02
5.48
0.61
10.9
6.47
13.55
4.92
10.95
2.16
1.47
14.28
9.35
2.6
0.02
10.05
2.71
4.13
7.5
2.28
11.54
4.62
3.67
6.2
5.33
8.48
5.09
3.96
