23.23
25.01
20.95
27.87
20.28
25.81
23.8
23.7
25.13
25.05
21.71
20.49
27.69
21.88
26.76
23.22
25.22
28.23
24.54
26.87
27.85
27.83
27.35
22.96
24.79
27.49
20.56
23.09
27.54
21.65
21.59
26.99
23.14
25.59
21.93
25.3
25.08
29.58
22.61
29.61
29.88
27.48
21.12
25.66
26.95
20.58
22.74
22.41
24.5
21.34
22.14
29.68
26.17
22.48
23.88
20.27
29.84
21.91
21.37
20.02
25.99
29.98
25.26
21.48
28.81
24.06
20.09
24.7
29.33
23.69
28.48
29.81
29.69
23.05
20.99
23.71
24.76
27.83
23.75
23.23
23.94
22.99
20.15
26.63
28.03
25.14
27.02
20.04
20.71
22.75
26.42
20.7
29.89
20.04
26.46
23.07
20.28
21.35
26.84
26.6
23.71
27.5
20.11
22.88
28.23
21.62
29.1
21.85
26.23
22.01
24.82
20.29
25.6
28.84
21.83
27.93
25.25
29.27
23.69
23.38
22.41
29.13
21.98
24.35
20.91
27.69
25.56
20.32
21.12
25.76
25.36
22.09
21.32
26.5
21.15
24.57
26.78
27.05
24.16
29.86
25.25
23.0
21.22
29.02
29.63
25.07
26.85
29.17
27.83
21.53
20.37
24.41
23.87
29.09
23.24
28.69
28.23
28.05
25.29
20.47
29.37
23.42
24.96
20.18
28.51
21.64
24.53
29.82
27.99
25.23
22.68
27.27
21.13
25.6
23.57
26.7
21.17
27.82
22.48
20.42
29.68
26.5
29.64
23.86
26.13
26.11
27.46
29.73
28.9
26.02
21.6
29.05
27.73
24.99
26.94
25.05
23.03
29.71
29.55
25.28
26.23
22.29
29.11
25.98
23.03
24.21
24.06
26.08
20.06
22.55
25.08
22.53
23.21
21.28
26.33
28.3
29.29
21.11
22.8
20.37
28.4
27.96
22.55
26.92
22.49
21.16
27.14
27.59
27.17
28.58
22.2
26.59
25.31
29.85
29.57
28.56
28.07
22.19
22.76
20.81
22.57
22.7
29.11
22.63
26.98
23.03
29.78
26.33
24.68
29.58
22.42
24.8
23.61
20.67
25.14
27.69
21.45
23.99
29.74
23.82
26.49
24.18
20.99
27.74
28.92
29.38
23.76
24.19
27.81
23.49
26.17
23.48
23.77
25.88
28.93
23.86
20.11
24.7
25.71
23.93
27.03
22.18
28.63
25.21
20.12
24.66
28.25
27.87
28.78
25.96
25.9
23.16
26.14
24.64
21.83
24.53
20.82
23.39
24.01
27.06
20.7
27.45
22.04
22.32
27.22
28.01
26.57
20.42
21.39
20.27
20.41
26.3
27.9
27.97
24.77
23.57
22.01
29.31
29.79
20.86
27.88
22.25
21.03
21.17
28.32
25.48
25.94
25.42
23.88
21.38
20.47
28.9
24.91
28.03
20.67
26.36
22.03
20.9
22.35
25.08
26.38
28.65
25.01
29.95
27.4
29.42
27.18
22.51
28.72
24.43
22.87
23.01
29.51
20.24
27.55
28.08
25.29
29.5
27.95
29.04
21.51
26.59
22.22
20.95
28.3
20.97
21.05
22.96
25.99
27.29
22.25
24.26
24.25
26.06
20.28
27.78
23.28
23.17
23.63
22.4
24.65
21.63
27.94
27.76
22.4
20.53
26.94
26.89
20.55
23.75
21.61
23.44
29.27
22.84
24.65
29.29
23.52
28.05
22.74
22.05
25.38
21.21
22.07
22.08
26.91
24.75
20.5
25.13
24.0
26.43
29.52
20.75
20.31
20.81
26.14
25.85
27.17
28.61
24.01
27.61
26.48
20.45
29.09
21.74
24.44
26.22
26.93
29.33
21.85
21.73
20.95
28.67
28.5
22.73
25.15
28.61
26.36
28.16
22.51
24.28
20.11
26.22
21.16
29.48
20.36
22.8
26.41
26.25
27.94
22.75
27.6
26.42
22.46
29.08
22.13
25.72
22.39
23.4
20.06
28.76
29.99
22.66
20.82
28.94
23.01
25.93
28.66
29.74
26.15
28.44
23.56
23.67
21.11
28.34
21.73
22.26
20.59
21.0
26.51
24.28
29.9
29.51
27.14
22.32
29.93
23.48
20.79
29.66
29.95
26.03
26.1
25.52
20.61
28.28
20.69
29.89
23.06
28.23
27.01
26.84
25.43
29.17
27.15
27.86
22.5
23.71
28.61
25.66
25.76
25.28
25.57
24.21
20.54
24.9
29.4
27.56
29.68
29.65
22.32
22.14
29.46
28.86
23.43
22.17
25.13
26.59
24.08
25.04
20.58
20.26
25.63
29.93
24.72
22.86
29.61
23.3
29.69
22.62
26.04
26.08
26.82
24.03
26.97
20.77
28.03
21.79
25.99
29.2
26.26
21.78
22.61
24.23
24.3
22.76
26.82
28.42
27.29
28.38
26.21
29.7
28.99
21.61
20.22
28.41
26.33
28.11
26.56
22.22
25.45
27.35
27.84
23.99
27.92
28.27
27.36
21.53
22.88
26.49
21.14
20.28
21.53
28.13
28.45
25.68
21.49
27.61
20.53
24.03
24.4
25.16
28.06
29.94
21.35
27.66
26.05
25.44
26.83
28.19
21.95
26.14
23.47
25.34
29.22
28.17
22.54
28.92
27.29
26.32
26.93
27.32
27.38
28.68
20.83
20.21
22.51
28.49
25.26
29.81
21.49
21.98
28.6
25.63
27.08
25.34
26.0
27.25
20.6
27.6
20.63
26.11
21.55
22.14
29.51
23.59
23.43
28.19
23.45
29.77
23.74
24.32
27.26
28.32
26.0
21.98
28.58
20.21
23.62
24.4
28.93
28.73
24.84
24.56
21.14
29.01
21.21
23.6
25.61
28.45
22.96
22.26
29.7
25.72
29.4
27.28
24.68
27.66
27.22
21.47
27.04
27.84
25.96
28.76
20.48
28.19
23.65
23.14
20.83
20.27
27.07
28.06
22.16
23.24
23.38
25.16
26.39
25.8
21.35
23.77
27.51
20.16
26.47
24.24
20.28
21.03
28.47
21.51
20.53
26.74
22.71
20.34
24.62
25.92
25.09
27.37
20.14
22.0
26.31
22.52
29.34
28.57
27.89
24.49
27.08
21.74
28.76
23.92
21.6
23.85
25.64
24.04
25.73
29.73
23.77
27.06
29.41
21.44
28.97
22.27
25.04
21.89
29.45
22.99
24.61
28.73
26.8
28.22
29.75
24.64
22.7
20.64
29.11
26.75
25.03
21.42
20.11
24.08
28.44
27.29
23.13
21.87
28.26
28.81
28.64
29.91
24.92
22.29
28.56
24.22
30.0
20.92
26.08
28.03
24.61
20.36
29.24
22.56
25.51
29.85
26.16
29.88
25.16
28.03
28.92
26.95
29.87
29.9
20.72
25.62
22.64
27.26
24.01
28.87
26.99
27.25
22.36
25.13
29.84
24.39
26.58
20.22
28.07
24.66
21.87
21.71
24.89
20.22
26.93
24.9
20.61
22.27
28.54
28.24
23.31
28.26
29.51
27.02
22.34
27.29
23.97
26.79
25.73
22.09
24.39
27.84
27.6
20.16
28.51
29.78
26.98
23.29
21.31
29.07
28.99
29.53
27.33
21.0
26.78
25.95
21.42
25.9
20.57
25.41
23.76
23.25
24.71
24.09
22.85
22.02
21.77
21.3
26.28
24.38
27.82
20.61
27.96
20.1
22.24
25.79
22.87
25.57
29.73
25.84
22.12
25.99
25.01
25.34
20.16
28.27
24.63
21.28
26.95
27.48
24.48
24.19
21.02
24.72
20.1
28.2
23.66
24.48
21.27
25.99
25.01
27.73
27.35
20.03
20.25
22.7
26.06
29.35
22.0
22.26
21.96
23.89
20.48
25.74
26.96
21.43
29.42
28.95
22.44
29.48
25.96
26.96
22.27
21.66
27.42
29.09
25.6
22.66
22.47
29.13
24.99
28.47
26.16
21.36
25.82
29.54
28.92
28.7
25.56
28.86
24.77
26.22
22.84
20.7
26.52
26.43
29.32
25.53
20.52
27.49
20.11
23.57
20.71
27.09
24.85
22.92
22.89
20.7
25.81
23.52
24.22
24.07
24.35
20.29
24.77
20.91
23.76
25.4
28.64
28.91
29.12
25.27
26.72
23.27
20.48
23.99
26.92
20.19
27.49
29.74
25.76
22.77
29.92
29.46
23.57
27.28
27.87
27.85
22.38
23.08
26.83
27.7
24.75
24.26
23.72
29.98
21.58
27.12
28.55
20.47
27.41
28.12
23.84
28.17
22.44
24.83
28.71
24.66
21.44
28.67
24.94
26.51
29.09
22.68
27.77
22.1
22.87
22.38
23.91
24.49
23.11
21.45
27.98
27.15
25.29
22.36
23.29
27.2
25.7
29.41
28.86
27.68
20.33
20.72
27.13
25.15
29.52
21.41
25.54
28.26
22.91
27.32
21.02
27.48
26.64
28.05
25.51
22.46
25.87
27.78
23.02
21.61
26.0
25.21
28.05
21.37
28.21
25.59
29.69
25.99
28.01
28.93
20.84
28.43
22.13
25.06
21.03
29.87
23.12
25.54
27.71
26.01
27.8
25.74
27.79
24.07
25.37
25.2
22.52
26.62
28.78
25.65
24.52
28.6
23.36
24.05
24.31
20.55
21.53
21.52
26.86
25.93
28.13
23.87
29.02
27.18
26.05
28.13
25.09
28.07
21.23
27.08
25.72
23.36
27.93
26.1
27.81
20.88
24.11
20.74
22.41
23.3
27.73
20.04
25.83
29.86
25.26
21.09
24.8
23.65
28.8
29.13
24.44
26.43
20.58
27.93
24.96
26.12
27.14
20.03
27.85
20.61
23.68
29.67
28.52
29.23
28.6
20.79
22.78
23.01
29.31
25.33
25.78
24.96
23.89
27.23
27.9
22.55
26.15
29.81
25.61
28.9
29.46
22.15
26.26
28.18
24.59
22.32
23.64
25.46
25.56
24.16
22.55
21.22
26.75
22.74
28.06
26.74
23.79
26.24
20.08
24.02
26.98
21.7
25.11
26.7
26.46
29.55
28.65
25.91
27.05
24.31
23.35
20.15
23.67
26.74
29.01
28.29
29.76
23.31
23.3
20.21
22.0
28.1
24.65
21.52
25.83
25.87
28.86
20.89
22.36
20.33
21.68
26.02
23.48
25.26
26.38
27.05
24.43
20.56
21.87
20.11
26.04
26.96
28.35
26.45
21.04
26.94
26.71
24.39
26.44
24.55
24.22
23.78
29.66
28.78
21.45
23.2
