3.3
11.73
10.81
2.28
4.31
0.42
12.33
10.72
10.77
6.76
2.1
12.81
14.73
2.37
14.58
4.62
14.81
13.57
6.18
9.39
0.8
8.45
4.61
2.86
1.64
10.29
0.31
15.0
1.04
12.82
10.45
2.12
7.23
8.48
3.61
5.21
9.93
8.29
12.21
3.79
11.71
10.57
5.53
3.38
2.98
7.09
6.21
3.91
8.31
3.73
13.18
2.25
7.37
14.4
6.75
1.81
0.05
7.34
4.63
13.99
12.06
13.19
6.77
7.4
4.29
3.74
11.08
2.15
11.98
5.77
5.87
4.99
4.34
11.51
13.82
4.93
6.33
5.88
0.89
5.62
8.98
1.92
1.45
3.36
7.07
2.94
14.72
4.78
11.7
6.55
5.56
6.46
14.64
8.81
1.24
8.96
1.18
14.79
1.46
1.74
8.33
9.8
9.32
0.24
5.59
2.41
14.09
2.81
5.76
3.72
14.17
8.34
1.53
9.96
11.12
6.5
4.38
10.04
3.82
11.52
7.71
2.9
9.2
10.98
6.9
0.99
6.55
13.09
14.56
7.55
7.76
8.78
3.75
12.13
0.45
6.54
12.34
6.11
13.92
1.69
12.71
5.7
6.34
7.11
3.49
9.6
2.59
0.95
11.91
4.53
2.56
9.75
1.31
7.33
3.8
10.65
3.57
5.0
13.01
6.97
14.29
13.59
6.5
2.73
4.13
12.11
1.55
6.92
3.86
13.74
7.88
6.8
2.64
11.24
2.31
1.16
9.2
8.34
1.03
7.95
9.95
1.75
10.69
11.51
12.74
6.81
6.51
7.5
11.39
12.43
5.78
0.79
2.42
1.3
3.18
2.03
4.19
3.06
5.13
13.69
11.6
10.75
6.44
1.28
0.19
13.19
13.81
3.69
1.54
14.78
3.45
9.47
0.46
2.98
3.74
9.44
1.62
10.62
6.84
6.6
7.77
9.57
10.87
2.27
8.55
13.56
10.57
1.21
3.14
5.12
5.59
6.02
5.41
9.66
3.62
6.69
4.39
1.97
1.25
7.29
0.87
14.82
5.01
12.0
1.24
7.51
11.34
12.52
5.36
10.76
4.99
13.31
4.54
3.38
13.95
0.14
0.91
10.56
12.26
9.39
11.49
0.77
3.18
13.78
5.11
0.61
9.29
12.24
13.24
2.41
2.43
10.91
12.12
12.46
6.65
14.75
8.37
8.54
1.15
3.5
0.59
8.23
9.3
5.9
7.88
4.21
9.8
4.3
8.78
10.76
4.83
1.06
14.44
2.91
9.24
10.11
1.81
12.91
13.04
12.62
2.09
13.27
6.28
5.89
0.73
2.24
6.44
4.99
2.99
14.97
13.86
13.5
1.68
0.09
1.37
14.4
11.74
8.26
2.2
7.25
8.26
11.02
3.1
3.44
14.68
3.94
4.11
6.67
10.98
11.92
5.29
9.88
1.54
3.18
12.85
2.02
0.23
14.76
1.32
5.31
1.04
12.5
4.29
0.76
8.04
13.73
3.37
5.24
9.31
13.97
3.76
12.91
8.62
14.86
7.12
6.7
9.85
12.89
2.96
6.41
3.91
8.99
8.77
13.59
10.32
9.48
8.38
11.7
4.12
10.84
6.46
10.57
14.85
14.57
3.25
1.62
13.64
13.81
2.61
5.16
6.2
10.67
12.88
6.08
0.56
8.34
2.16
6.28
12.82
2.05
11.35
13.84
0.89
5.23
0.75
1.48
6.41
2.14
4.3
12.41
7.92
9.64
9.7
6.42
6.58
10.54
5.03
8.89
4.61
3.82
1.51
9.62
14.45
9.5
8.47
11.85
13.52
2.59
10.96
4.8
13.85
2.75
5.23
10.19
8.27
4.51
1.91
4.17
8.03
8.11
5.63
12.48
13.97
2.89
10.76
5.68
7.96
12.88
12.34
6.33
2.85
10.32
4.12
7.0
12.25
12.57
8.11
7.7
6.01
7.07
1.54
1.33
7.13
9.95
6.15
10.24
11.28
13.04
1.32
14.16
13.31
6.01
9.64
12.91
3.53
0.45
8.23
13.67
5.01
6.97
6.64
2.61
14.28
4.48
7.16
13.31
2.51
12.64
10.23
14.32
2.13
6.74
14.0
10.12
14.89
7.41
2.48
13.2
8.96
12.36
9.48
1.69
4.1
13.89
3.51
8.99
14.94
11.8
4.55
7.09
3.27
14.03
3.06
6.59
6.91
2.52
9.45
2.86
3.84
6.17
13.44
4.96
14.32
7.12
12.57
10.5
3.44
8.12
8.32
4.22
14.58
12.42
4.31
7.74
2.4
9.26
10.57
4.69
9.3
14.94
0.03
12.74
10.35
11.74
7.7
1.43
11.23
12.65
3.4
4.21
7.15
13.52
1.44
14.47
1.4
14.33
11.63
2.95
9.7
0.95
11.02
4.38
7.27
3.56
2.5
12.15
8.47
5.31
6.57
5.77
6.88
12.54
5.21
5.73
10.75
12.35
1.31
12.49
7.5
0.25
0.61
4.37
1.69
8.27
8.19
1.24
6.55
2.23
2.15
9.11
10.12
14.92
11.49
13.49
2.11
1.85
0.07
0.01
1.3
14.83
6.02
14.62
7.11
13.51
4.97
3.23
5.89
8.63
3.24
14.28
1.52
14.78
14.5
2.43
10.9
14.94
0.86
11.77
3.23
10.52
11.77
4.45
10.88
11.3
0.54
2.96
13.06
3.66
12.47
4.65
11.02
8.11
5.96
11.66
0.93
4.83
6.29
9.51
11.86
0.66
7.2
0.05
0.77
10.55
1.15
7.43
11.64
13.01
3.62
11.11
6.95
3.61
0.96
12.07
9.85
1.65
1.74
5.25
12.33
2.68
5.38
5.78
12.3
5.72
14.62
5.3
12.59
7.32
0.53
14.59
10.2
7.05
12.66
5.22
1.69
9.05
8.55
1.59
13.17
0.69
3.98
3.63
1.7
6.88
6.83
8.88
4.17
1.51
9.6
11.16
6.23
13.12
10.8
10.05
3.76
7.96
7.03
2.08
0.37
10.51
10.58
7.71
7.95
2.58
13.16
5.15
12.04
5.38
10.02
3.6
6.84
7.94
14.01
9.53
9.76
6.01
7.09
4.73
7.1
2.94
4.97
0.44
14.33
0.7
2.41
10.62
13.78
6.14
6.1
6.43
8.56
5.76
5.05
6.98
6.49
6.25
0.5
0.3
3.04
12.76
2.04
0.57
3.48
10.67
11.74
13.28
3.2
1.26
11.58
7.28
1.73
9.11
12.45
3.66
5.25
9.94
0.62
5.9
7.78
3.29
4.15
9.64
4.05
3.43
0.15
12.77
2.98
14.31
7.45
11.87
1.0
4.88
6.07
12.81
12.76
12.56
7.25
4.98
13.07
1.04
7.09
5.36
8.26
11.16
14.8
14.95
6.48
12.75
14.27
13.91
13.01
11.07
10.49
1.0
9.37
9.89
5.27
7.34
8.03
6.83
4.56
13.91
4.45
9.3
10.13
2.13
1.67
0.36
0.82
1.59
4.78
2.06
4.72
9.48
13.84
12.55
6.93
1.45
9.4
4.65
11.06
7.64
12.77
10.76
1.09
7.87
6.32
2.1
9.0
11.76
11.88
2.04
3.77
8.68
12.31
1.25
10.77
9.25
5.12
9.78
10.74
5.39
10.91
11.06
5.9
10.37
6.74
2.56
6.92
9.27
13.04
4.93
3.63
7.28
5.9
7.6
11.92
9.76
3.84
2.16
5.84
12.83
13.56
2.31
7.43
3.68
4.74
10.18
5.36
2.95
6.02
14.43
12.31
13.28
8.76
4.77
2.17
1.63
13.2
1.85
11.62
1.89
3.73
2.04
7.65
0.89
13.12
0.5
13.67
6.3
3.45
1.82
6.64
4.82
10.44
9.72
0.71
0.99
1.68
5.1
14.62
8.48
14.36
5.33
5.58
13.53
5.5
7.65
10.22
2.23
8.81
2.79
1.18
10.62
9.65
2.03
6.39
5.24
13.62
5.62
8.04
3.26
12.06
8.76
14.13
14.16
0.35
4.03
7.42
7.56
3.98
13.53
2.78
9.01
7.58
2.72
4.74
4.45
0.04
12.94
1.96
0.62
11.49
11.3
14.99
5.6
9.13
6.22
2.51
3.53
10.95
11.9
4.0
7.97
7.94
4.85
2.74
9.52
9.66
3.85
8.13
1.21
7.49
9.27
7.49
5.5
9.63
3.9
13.16
6.51
11.87
2.31
9.54
8.93
12.4
12.71
12.52
14.53
12.31
0.75
5.62
13.48
14.38
9.13
4.28
10.6
11.21
2.4
7.26
10.11
13.58
9.8
4.52
1.03
1.57
14.2
5.83
13.92
0.74
12.79
3.85
9.58
8.87
10.07
5.2
8.31
4.28
2.74
7.3
14.56
1.33
0.12
5.61
6.62
8.02
7.98
10.86
14.49
11.4
5.49
14.87
2.43
7.08
8.25
6.76
6.62
7.68
3.29
8.02
14.98
10.22
2.19
12.03
9.04
3.75
7.47
4.74
11.13
2.05
5.84
1.83
10.52
5.9
0.51
12.74
4.55
4.99
8.38
9.16
5.33
4.68
9.21
2.76
3.59
6.72
4.16
2.3
6.08
7.26
12.72
11.27
12.83
7.3
13.2
7.66
2.07
11.55
6.48
9.7
13.32
13.76
9.24
1.18
4.49
3.23
11.31
8.09
9.89
2.44
11.07
1.75
12.92
6.08
7.74
7.41
10.46
8.34
13.58
5.14
3.03
4.1
12.89
3.52
2.01
5.92
11.47
9.08
7.24
0.36
11.69
1.45
12.0
6.16
0.33
3.13
5.21
10.54
8.88
4.01
8.27
2.37
3.51
2.39
5.1
7.11
2.68
11.54
11.84
14.37
14.24
13.41
7.97
2.48
5.57
7.08
3.42
15.0
3.14
14.37
9.82
4.47
4.89
3.03
4.92
11.11
13.35
3.96
8.85
12.4
10.52
2.04
7.27
10.27
8.98
10.39
8.65
4.38
13.4
14.2
10.01
13.88
2.05
12.67
10.32
4.99
1.87
13.54
13.1
2.83
3.53
4.58
4.0
3.23
13.51
8.15
11.66
8.88
9.77
9.14
11.25
9.0
7.96
9.8
13.53
12.77
12.92
9.97
11.47
14.86
10.52
9.86
7.4
4.54
12.84
6.91
3.19
3.93
9.45
11.38
3.63
14.82
4.58
3.14
0.97
0.53
11.33
9.27
14.82
9.33
13.63
9.19
6.78
4.34
5.5
14.85
10.86
11.84
6.67
10.01
12.64
