10.82
13.49
7.36
1.24
9.16
14.47
3.05
4.29
5.59
9.26
8.46
10.4
10.24
6.21
11.55
8.2
3.79
5.34
5.69
9.75
9.44
9.74
14.33
0.32
9.95
0.03
10.97
2.56
12.62
12.67
6.58
3.32
10.64
10.76
12.36
13.07
5.96
7.4
6.19
2.33
8.65
14.36
1.69
6.32
2.39
7.69
3.65
1.29
2.91
9.78
5.7
7.11
8.05
1.25
7.01
0.39
0.94
7.93
6.5
9.94
3.4
14.99
2.7
0.78
13.59
6.18
10.64
2.44
5.98
4.5
5.42
1.63
7.72
7.64
14.34
6.56
13.06
1.01
8.92
11.49
9.14
5.47
9.29
12.78
12.03
13.09
2.15
1.15
3.23
11.36
7.79
1.47
2.24
11.63
3.74
0.07
4.49
9.96
8.24
12.14
5.12
10.78
1.67
14.89
0.42
8.01
6.46
5.11
1.7
6.44
1.86
13.24
2.38
4.79
2.61
7.18
10.35
6.63
10.75
14.28
0.66
7.04
12.59
4.03
7.62
11.21
4.7
9.82
1.45
9.55
4.68
0.88
14.38
10.47
12.79
2.73
12.54
3.14
0.47
7.11
12.22
1.84
1.22
14.06
10.51
9.16
3.9
3.65
6.72
6.24
2.28
13.8
7.94
1.71
4.02
1.37
5.17
6.37
0.01
8.76
12.16
0.12
2.37
8.24
7.07
8.15
1.26
8.39
2.28
12.36
10.65
10.23
2.63
13.82
1.64
2.86
9.46
2.77
6.98
7.24
13.23
11.57
3.82
14.56
11.51
10.49
5.78
10.21
9.51
4.6
14.2
13.38
9.99
1.87
8.33
7.49
7.47
11.97
11.88
3.07
8.31
5.84
10.23
13.45
1.21
11.47
3.76
1.81
8.83
9.5
11.35
13.26
7.65
14.34
4.65
5.13
8.35
3.6
7.55
10.86
12.42
11.27
1.15
14.52
5.96
14.37
8.26
5.11
7.66
1.12
4.91
10.39
11.5
1.66
13.44
2.37
7.29
6.92
13.21
2.99
3.94
13.81
8.22
8.99
10.4
7.22
6.98
0.32
3.08
3.52
11.44
10.31
9.43
0.14
6.5
9.73
3.32
3.86
1.88
7.74
3.34
4.34
0.58
7.06
10.16
13.82
6.12
2.98
1.05
10.22
13.32
14.07
12.2
9.77
6.38
4.17
3.82
7.71
9.04
5.27
5.45
11.13
2.3
3.1
13.88
9.97
3.51
14.54
12.11
7.68
14.13
2.2
12.05
7.61
10.26
6.53
7.06
9.99
8.01
14.72
0.31
5.7
3.14
14.15
11.35
11.81
9.77
14.35
14.0
12.66
13.4
5.04
13.37
12.77
10.94
5.34
4.48
12.54
0.08
0.56
9.69
14.87
13.5
11.94
0.71
4.56
10.43
0.03
5.12
14.81
10.5
2.47
10.72
6.23
11.13
4.83
4.64
5.01
14.13
7.21
8.84
7.98
3.19
5.46
12.9
14.49
12.72
6.77
11.66
9.62
13.63
1.37
7.8
13.68
0.65
1.79
10.9
14.23
7.71
13.46
14.75
10.92
13.51
13.06
10.25
12.4
0.67
1.37
2.76
5.02
14.34
10.95
4.71
8.64
1.87
10.35
10.75
13.77
7.45
0.41
4.01
8.61
14.31
1.04
3.64
4.18
11.88
2.91
9.06
13.22
11.45
10.51
10.48
10.71
3.5
5.06
7.79
11.57
11.33
2.9
2.52
10.06
1.53
3.46
0.54
12.59
9.63
12.97
14.9
8.48
8.71
14.07
1.72
11.9
9.08
11.49
9.25
5.99
6.7
11.78
4.69
0.75
7.86
6.53
9.16
13.31
13.29
4.07
9.94
9.83
1.28
12.07
11.4
6.88
10.4
14.38
2.94
11.82
6.36
10.21
11.48
13.73
2.58
12.4
6.94
14.19
14.0
7.95
2.38
14.83
11.37
14.93
2.49
8.67
7.62
2.5
9.87
0.38
2.98
14.85
10.36
10.43
1.47
6.05
13.9
1.42
10.98
1.18
2.72
12.6
8.36
12.6
12.09
1.09
8.2
11.53
5.55
10.31
5.84
3.69
13.89
0.44
4.67
11.73
9.78
14.24
4.87
7.21
12.37
6.58
2.92
7.3
2.63
13.37
8.9
14.79
4.2
3.53
11.38
4.92
11.87
4.61
3.83
8.19
8.25
6.95
8.22
5.06
11.28
10.05
9.15
7.91
3.45
6.76
3.6
11.95
2.29
2.02
1.72
9.99
8.29
9.87
8.03
4.2
3.29
7.84
11.78
0.64
5.6
4.77
4.64
2.08
11.02
12.54
9.99
12.41
6.73
10.33
13.96
13.33
8.97
11.87
14.44
12.45
14.54
2.42
0.28
0.44
10.99
3.65
7.94
14.72
10.25
11.86
0.45
0.5
8.13
0.96
2.71
2.41
13.83
8.29
14.12
14.45
6.17
7.52
9.6
1.29
8.29
1.54
6.83
8.93
9.47
3.71
14.86
12.29
6.65
12.95
4.49
6.18
11.92
9.25
5.73
1.68
14.76
1.6
9.7
8.77
9.09
1.2
10.04
10.74
10.91
7.52
10.91
14.28
1.56
13.64
10.7
5.54
13.44
3.89
8.53
14.61
11.31
13.91
10.87
1.94
13.33
1.17
1.17
6.8
13.46
14.15
13.78
6.59
7.11
3.81
12.61
1.57
10.74
6.47
11.58
5.15
14.59
2.13
4.33
2.33
10.78
9.09
9.84
9.29
0.81
7.88
1.01
9.46
11.85
2.08
3.02
4.69
7.66
3.4
5.84
5.01
6.82
1.73
14.41
8.79
6.41
11.2
11.67
14.77
0.01
13.37
6.67
13.68
11.15
3.76
5.05
4.64
2.86
4.26
4.46
4.41
13.25
7.68
8.51
8.77
12.44
6.04
4.99
6.72
1.83
1.59
8.46
1.54
2.85
12.04
12.64
11.5
11.19
13.63
9.94
14.19
2.89
12.71
9.61
1.41
9.49
11.44
14.98
10.04
4.82
4.48
2.09
3.74
12.15
0.2
2.67
1.87
10.52
7.68
9.47
11.73
13.14
5.71
1.39
0.91
6.05
1.85
10.97
4.88
1.77
4.71
3.59
12.4
2.16
11.55
12.75
8.29
5.79
12.72
11.12
9.66
13.44
13.4
5.71
14.95
13.12
6.15
10.0
5.03
13.42
13.07
11.68
1.36
5.41
11.38
9.68
5.96
13.39
12.85
7.99
12.72
0.4
13.72
5.51
11.9
0.62
6.42
5.39
4.76
0.32
11.04
1.51
13.0
13.95
1.08
7.51
7.81
14.55
0.76
5.05
1.26
13.96
11.2
13.85
2.58
11.36
11.56
10.1
10.59
4.12
0.19
4.14
3.96
5.07
14.98
5.23
10.02
11.1
9.61
0.35
6.86
13.38
5.55
13.68
13.16
14.07
14.67
2.99
10.5
2.9
13.53
8.63
9.9
6.38
4.74
3.33
1.53
3.26
10.6
1.53
1.17
12.01
7.02
6.03
6.39
6.77
9.97
0.71
5.87
12.08
6.55
7.71
4.97
12.7
13.75
2.94
1.96
14.59
2.09
14.22
4.27
1.9
10.55
0.3
4.23
3.31
12.91
3.26
13.18
2.57
9.66
11.3
7.98
2.34
1.04
8.84
6.4
14.05
12.81
6.61
4.36
0.77
1.93
14.12
8.65
2.65
1.98
12.01
6.78
8.75
6.62
9.73
0.05
7.55
3.34
3.66
3.1
14.8
10.68
4.79
13.55
6.6
2.04
6.67
14.9
9.17
2.2
7.87
6.68
3.35
12.35
8.38
11.86
4.36
0.84
12.82
13.58
13.9
7.34
9.89
6.19
11.06
11.13
13.45
1.94
5.26
8.25
7.57
1.14
3.99
10.34
1.85
10.93
2.88
2.81
10.16
3.29
6.34
5.3
14.42
11.96
2.1
2.57
3.73
3.62
8.29
12.36
13.36
12.89
0.37
4.44
0.33
5.98
2.18
12.62
3.05
11.25
14.87
9.48
8.81
13.12
1.34
8.68
13.21
5.35
6.66
9.23
3.14
14.31
2.75
3.56
4.29
8.33
12.09
7.2
3.62
14.89
7.86
11.58
7.64
9.87
14.07
8.86
7.0
8.93
1.04
10.52
5.96
10.73
10.22
4.74
14.87
1.31
8.37
14.31
11.92
9.38
8.5
2.33
4.7
7.83
14.73
11.87
13.12
5.66
12.49
9.0
0.36
8.69
12.18
14.64
10.05
2.77
11.37
4.78
9.14
1.4
10.63
5.32
14.11
13.21
10.35
2.23
2.95
9.33
0.55
14.36
12.12
11.35
12.78
5.32
4.03
9.15
1.03
0.9
3.45
0.44
3.71
8.77
8.87
0.49
13.78
11.44
0.49
13.67
2.16
1.49
2.08
4.62
4.81
9.91
3.46
14.74
13.98
11.06
0.61
6.27
12.57
10.13
10.21
6.93
10.49
9.43
3.64
14.06
0.21
6.11
11.55
2.11
7.38
13.42
9.37
4.51
5.92
13.08
3.82
10.32
5.85
7.6
6.41
14.3
1.74
6.28
5.82
12.27
0.63
11.43
5.21
12.07
0.34
3.1
13.37
12.99
3.33
13.01
9.49
10.29
11.57
3.67
9.51
12.3
9.18
10.49
0.34
10.2
12.16
10.9
11.82
8.8
1.47
4.02
7.99
3.86
13.93
2.8
5.09
14.11
7.25
4.06
10.83
1.4
7.48
10.55
7.11
9.97
2.93
12.23
13.07
5.88
10.84
1.46
14.08
0.7
5.79
5.89
8.58
10.27
13.14
3.54
5.06
14.3
5.83
6.73
14.37
9.14
7.54
8.4
6.26
10.77
3.68
12.82
4.25
7.56
10.71
1.06
7.5
4.02
2.23
12.71
6.84
1.21
2.29
8.54
14.52
6.78
1.84
7.25
14.73
4.23
14.4
4.5
1.82
7.26
3.88
6.72
7.46
5.83
10.4
0.4
13.51
0.1
11.23
0.9
4.41
11.87
5.57
1.74
2.58
13.47
7.35
8.06
13.52
7.43
14.86
10.72
4.35
8.02
4.29
2.76
1.73
14.3
7.04
8.11
7.05
7.98
8.28
4.35
3.09
12.29
14.83
3.47
1.21
4.02
14.03
6.28
11.75
5.54
7.03
5.54
5.64
1.7
4.59
1.29
11.85
4.04
3.43
9.39
0.72
3.67
1.06
8.81
5.19
3.01
1.1
7.83
8.39
0.38
