2.59
6.73
4.02
1.95
14.62
2.1
12.12
14.69
4.91
13.03
6.03
12.07
1.95
5.93
8.36
7.87
8.58
4.19
5.61
5.3
0.92
0.21
8.13
11.72
14.1
14.36
1.83
11.35
4.27
5.28
2.56
11.36
12.95
2.8
1.88
9.23
1.14
0.98
8.84
7.41
10.02
11.43
8.13
1.14
4.0
14.3
6.21
10.86
8.04
0.15
9.34
1.71
7.84
11.57
1.22
1.95
0.16
6.82
14.6
1.76
14.76
2.65
2.15
13.11
0.92
8.04
0.79
7.74
9.43
5.81
7.78
9.91
3.02
5.97
12.52
3.77
12.89
4.43
10.31
1.39
1.34
8.78
2.75
14.14
13.73
9.02
4.24
7.33
2.89
4.24
12.8
11.12
0.07
9.78
2.51
5.8
9.22
7.22
10.39
0.46
8.52
6.37
5.31
9.86
4.24
0.84
2.5
1.31
8.19
10.61
8.73
0.9
2.05
3.82
2.67
12.45
3.26
11.78
4.07
6.16
2.91
5.46
7.86
9.27
8.48
14.88
7.05
11.85
10.34
6.65
10.42
14.17
11.57
9.0
8.75
1.6
1.01
13.07
4.2
8.94
10.53
4.0
3.66
4.09
14.83
10.16
13.75
0.6
8.81
14.48
12.43
5.89
8.14
12.09
1.51
9.88
7.35
13.33
10.16
5.85
7.27
11.74
5.44
4.0
5.82
11.38
4.59
7.34
5.76
11.63
2.15
6.29
3.42
8.71
12.97
5.75
0.51
0.62
0.39
2.01
0.79
1.42
12.03
4.48
0.39
9.37
1.1
10.34
8.1
8.79
14.19
12.99
5.91
10.9
12.91
13.99
2.01
4.9
12.4
0.39
7.28
8.19
2.1
0.32
5.64
5.35
5.9
7.23
0.09
0.18
0.21
1.92
7.91
14.34
14.54
4.72
10.61
13.85
6.78
10.62
6.09
6.62
9.32
4.69
12.49
6.22
4.35
11.06
12.86
13.11
7.71
2.84
6.39
7.4
14.07
7.87
7.35
2.53
0.8
12.9
7.21
12.14
8.64
8.01
13.3
12.65
8.13
0.58
14.12
12.07
8.18
8.03
14.99
11.74
11.53
11.0
3.08
0.12
14.78
3.91
14.59
3.44
10.4
12.66
1.04
11.17
14.99
0.67
3.08
0.09
14.39
14.56
6.83
0.89
10.51
3.09
0.56
10.58
7.23
4.19
6.91
13.73
8.73
4.21
6.27
13.73
4.43
4.38
9.73
0.03
10.27
4.09
9.39
6.32
4.72
4.34
1.82
0.84
0.15
13.5
5.78
4.74
9.61
9.35
10.46
1.72
13.5
11.14
3.87
4.39
0.7
13.35
0.6
1.08
4.5
12.49
13.07
9.22
6.1
2.27
12.34
9.38
4.02
9.71
1.13
1.78
13.9
12.39
10.67
9.7
2.06
8.34
0.6
10.58
8.73
7.81
3.92
4.27
0.92
13.05
2.11
5.15
2.89
6.08
6.99
12.29
7.96
2.76
8.72
10.74
12.17
0.99
14.08
13.41
1.85
5.63
2.58
11.34
12.76
6.3
2.55
5.3
7.25
8.49
14.4
1.04
7.99
13.33
13.45
1.73
10.72
6.77
8.89
14.83
9.61
1.92
8.29
14.59
1.5
12.99
13.32
13.11
0.47
12.91
1.13
12.88
6.49
11.36
6.16
0.03
14.13
7.12
5.8
8.04
6.87
14.39
6.1
3.58
4.42
2.38
7.1
6.56
6.67
0.88
3.54
14.97
12.37
13.75
2.65
7.33
6.38
1.89
6.0
5.54
6.24
5.26
6.9
7.73
1.06
4.45
7.83
0.48
7.69
11.43
0.55
5.16
7.47
10.94
1.14
3.38
0.25
13.78
12.01
13.99
13.97
10.94
6.51
0.55
3.15
10.83
6.14
6.36
6.52
10.2
14.85
6.85
9.31
6.04
10.74
2.1
13.92
8.92
12.04
12.41
5.37
11.16
11.1
1.3
3.36
7.1
1.37
4.93
11.49
1.6
11.95
3.05
1.07
9.35
1.27
13.61
0.88
13.93
7.67
7.96
11.25
12.76
9.09
3.28
4.46
0.86
1.58
6.51
0.13
9.14
3.25
9.77
7.74
5.11
1.28
0.66
2.55
14.96
11.79
11.42
8.44
11.15
8.43
8.45
2.41
9.05
3.93
10.83
12.31
7.2
7.6
4.35
1.87
10.48
0.74
5.59
7.93
11.91
6.35
11.87
3.04
13.89
4.51
14.48
3.73
0.16
0.07
12.72
13.62
2.27
5.67
7.84
6.31
4.18
8.83
8.22
10.02
4.84
12.1
10.14
10.94
7.55
1.29
10.37
5.68
12.3
12.24
8.1
2.97
1.07
4.11
0.22
11.34
12.77
13.57
9.76
7.52
3.57
5.34
9.67
9.28
10.34
9.8
3.56
7.52
4.22
9.38
4.22
13.53
2.04
9.58
8.46
11.32
10.63
11.15
14.42
7.75
8.65
7.2
3.81
4.22
3.61
6.13
7.18
4.34
4.79
1.28
0.22
9.59
11.09
2.31
1.56
2.05
1.17
11.04
11.65
11.39
6.27
10.32
6.72
14.73
1.26
9.29
11.22
7.38
5.97
11.21
4.99
8.67
6.49
14.61
14.69
2.2
4.74
3.63
11.82
8.13
0.1
7.68
2.34
9.88
14.04
7.53
12.42
8.84
3.94
11.32
14.0
5.19
11.02
9.83
6.57
14.14
12.08
8.07
8.68
10.99
13.28
12.67
3.59
11.67
4.99
7.9
0.33
9.87
9.67
13.54
4.64
1.0
0.54
10.04
10.81
2.66
2.21
3.41
14.14
4.52
4.13
13.1
1.1
3.68
8.64
1.54
3.53
9.55
14.46
12.86
12.86
11.45
2.48
14.9
11.7
10.78
2.91
11.75
13.58
8.94
13.68
0.33
11.14
1.89
9.54
4.85
7.62
14.92
12.33
6.04
9.62
11.31
11.79
1.57
11.47
2.7
5.58
12.34
4.5
10.5
12.02
4.74
8.0
6.56
5.06
6.39
1.46
13.3
5.3
5.64
12.65
12.51
10.34
6.87
9.52
3.14
10.57
3.33
0.96
6.33
10.84
13.41
9.86
0.6
8.81
10.1
3.41
13.2
2.17
11.32
1.75
1.47
10.36
0.08
13.13
6.39
7.66
9.3
9.09
11.12
5.0
9.66
12.87
14.57
14.97
4.0
7.0
2.41
9.52
8.57
13.85
3.14
6.57
6.69
5.48
9.49
10.8
10.2
6.73
13.86
11.74
1.19
7.31
4.9
4.68
5.74
2.93
2.92
12.4
8.4
5.73
2.99
1.28
5.81
9.65
1.02
0.08
14.52
3.17
13.52
14.71
12.65
13.57
7.21
6.14
14.31
4.64
12.23
0.32
4.27
14.37
7.53
7.28
9.59
6.46
2.53
3.62
0.06
10.8
6.19
11.14
12.72
10.77
13.77
8.79
7.16
11.39
1.85
8.96
12.89
14.84
11.34
5.51
3.89
7.17
9.55
14.02
5.34
9.43
7.41
9.31
13.46
5.22
10.78
10.82
3.18
5.48
9.84
5.24
7.58
11.2
11.58
4.61
13.22
1.82
2.58
2.83
3.95
7.47
10.76
1.93
11.72
13.36
5.0
2.21
10.46
6.47
10.03
1.79
5.64
14.08
7.35
2.45
6.68
10.56
7.65
4.77
12.13
10.2
4.2
0.76
1.8
1.36
5.15
0.9
14.31
6.71
5.19
4.56
3.24
6.33
14.28
2.33
5.69
4.43
12.83
1.49
1.83
3.59
0.93
12.43
13.13
0.13
12.91
13.89
7.65
7.01
0.1
1.17
11.86
11.08
0.52
6.39
1.57
12.29
7.6
7.09
10.02
8.78
9.41
6.15
3.95
12.63
6.59
12.52
5.99
9.96
8.47
10.05
9.16
3.04
12.57
9.51
6.82
1.83
8.81
10.09
6.3
13.14
4.24
11.86
9.23
5.28
8.14
11.99
13.52
1.45
3.75
3.52
2.16
9.4
9.93
0.9
6.21
14.05
4.81
5.25
3.21
1.39
4.55
9.29
7.14
10.76
7.23
4.69
5.45
3.43
5.24
2.12
3.2
4.19
9.2
13.21
5.18
0.53
2.22
3.12
14.27
4.21
5.28
12.68
2.12
1.9
7.53
10.49
1.99
13.61
11.36
9.86
0.45
3.5
11.94
14.86
7.53
9.15
11.14
2.98
2.06
10.34
0.49
9.07
4.73
6.81
14.07
13.67
11.8
14.45
6.33
6.91
10.65
3.03
10.12
7.61
8.6
12.16
0.21
8.91
11.55
0.38
10.33
13.13
11.57
8.0
9.68
13.87
12.12
4.91
12.38
11.41
3.38
11.78
5.13
12.52
13.08
2.02
10.96
6.0
10.13
7.61
7.22
2.96
8.74
1.46
6.55
4.12
9.76
9.53
2.14
13.6
6.44
8.3
2.37
7.56
8.23
1.49
1.34
2.27
9.22
7.07
14.52
10.99
13.06
4.59
12.8
7.2
14.65
11.43
7.29
4.47
2.46
2.87
12.96
12.61
9.15
12.83
6.76
6.63
13.04
4.36
7.35
9.66
14.49
11.63
12.96
13.29
3.34
1.48
11.37
1.78
0.16
6.28
7.57
0.37
14.02
9.46
6.62
13.88
12.36
1.78
4.21
14.71
5.31
3.82
7.94
10.11
12.24
8.56
4.2
14.41
13.56
3.27
5.94
11.63
10.93
2.38
8.51
7.2
2.88
10.17
7.61
5.25
2.6
2.17
5.18
12.19
2.08
12.89
5.23
10.62
2.68
11.94
10.15
13.98
14.39
5.8
10.78
4.6
7.16
4.79
4.45
1.11
13.27
9.47
13.99
14.7
11.49
4.2
7.71
3.11
2.58
11.12
14.15
8.61
7.79
3.54
9.0
4.71
9.4
9.29
6.38
10.81
7.67
0.06
12.21
13.9
1.7
11.59
14.4
8.53
1.26
13.06
11.15
8.17
9.76
9.43
0.06
8.04
13.24
8.16
11.2
8.45
6.72
7.18
10.3
1.78
10.73
9.6
1.15
2.71
1.97
13.08
12.86
10.69
13.93
2.53
10.51
8.4
12.54
6.98
4.05
4.7
8.63
10.54
13.01
3.78
0.93
4.12
6.02
4.83
4.2
12.71
8.83
6.43
4.16
10.6
13.93
4.9
11.2
5.33
14.28
14.82
7.99
0.24
11.29
2.49
7.43
1.47
11.33
1.18
