8.73
12.08
2.35
13.6
10.7
2.34
3.87
8.66
9.69
13.04
4.67
7.8
5.57
1.34
12.13
3.19
6.58
4.83
6.89
2.5
13.43
3.51
0.76
3.45
11.2
1.26
3.12
7.46
4.32
11.21
4.31
3.66
10.85
1.71
12.09
0.21
6.16
2.51
5.74
8.21
11.33
5.98
10.53
13.43
13.99
13.01
6.14
10.35
11.25
12.7
1.21
2.9
13.03
3.63
14.89
14.09
4.47
2.77
11.14
2.37
11.31
9.28
13.38
7.45
2.2
9.08
9.38
4.1
13.24
3.84
14.14
7.89
4.82
3.48
6.73
7.69
14.47
9.43
9.49
9.53
2.16
5.12
12.24
3.9
3.85
13.36
10.54
3.99
13.61
5.2
10.5
11.99
1.34
5.94
2.9
13.06
10.33
4.54
13.95
14.82
4.52
0.85
0.61
7.71
5.29
9.95
1.16
14.17
3.17
0.43
1.34
8.01
6.64
4.35
12.59
6.47
6.99
9.8
8.34
5.11
14.08
4.38
14.18
3.42
10.25
3.09
3.52
10.46
6.08
0.83
14.46
14.17
1.37
5.12
3.71
5.28
3.12
0.02
2.87
11.21
2.53
10.69
11.06
5.76
6.75
12.86
14.15
3.74
11.64
13.07
3.27
6.23
14.64
13.24
5.07
1.34
2.9
3.75
8.7
10.99
10.28
10.41
11.64
7.27
6.27
7.42
8.82
12.9
4.28
3.67
2.58
8.88
2.66
4.46
4.71
12.95
6.88
8.45
8.37
14.6
2.98
7.3
14.57
7.74
9.44
4.42
4.85
3.8
8.04
12.83
0.06
5.59
13.05
1.57
14.82
1.07
9.06
6.81
3.91
6.83
8.69
10.27
4.45
9.78
13.12
13.99
1.0
9.76
7.16
14.47
13.37
12.88
12.36
9.45
7.15
6.94
9.14
1.54
14.56
11.37
14.76
13.24
13.93
7.25
12.74
14.21
6.16
2.6
0.1
13.73
13.34
12.38
6.23
9.39
9.35
11.29
5.04
9.0
10.06
4.76
0.68
8.82
7.11
12.55
9.45
4.17
1.53
0.86
10.55
14.66
10.29
14.11
3.08
9.92
11.3
8.5
10.82
12.51
12.83
10.41
0.07
14.89
8.4
13.43
6.79
6.4
5.83
0.01
6.47
7.32
14.94
0.38
10.23
12.85
12.17
6.35
12.82
14.34
1.11
10.24
14.97
11.39
3.63
13.78
12.66
6.71
0.83
11.86
13.13
8.11
12.37
1.38
8.91
11.03
14.08
4.69
13.45
13.55
1.66
9.27
0.39
3.04
9.76
5.68
3.71
11.33
11.67
9.28
5.81
12.68
3.25
12.38
6.74
7.94
13.15
11.32
9.35
10.81
4.03
7.8
1.95
14.88
7.12
4.0
10.83
3.67
13.65
8.38
11.42
9.48
4.85
6.29
1.25
1.9
10.8
8.81
13.81
1.6
11.26
12.23
13.74
4.02
9.55
7.66
2.43
10.95
2.21
5.31
0.29
4.2
12.34
11.46
0.6
2.79
3.77
7.42
3.03
13.86
7.83
7.18
14.5
6.51
8.72
3.02
13.61
11.89
4.11
1.64
5.61
8.03
3.83
3.2
13.44
10.31
10.11
9.16
6.26
5.46
7.62
4.11
12.17
12.55
9.56
6.9
3.64
3.98
0.05
6.7
2.75
4.83
3.48
1.73
11.68
11.42
11.46
3.02
11.53
7.29
4.93
1.62
4.9
11.85
7.17
3.76
10.68
1.24
2.21
5.53
8.49
11.71
1.5
9.86
7.57
14.78
13.31
9.65
1.88
10.45
14.98
3.1
3.07
13.35
2.39
7.65
7.52
6.17
1.97
14.91
11.29
6.21
11.04
12.35
3.08
6.95
4.07
9.9
13.75
9.63
14.73
3.9
0.01
4.67
3.34
10.52
5.38
10.94
7.62
0.28
0.89
10.34
14.01
0.6
14.4
12.18
6.12
4.46
1.48
8.18
4.96
5.25
1.92
4.78
6.9
7.83
4.75
0.5
3.41
10.52
0.28
3.62
0.41
14.43
14.98
1.44
11.94
7.23
6.1
11.74
1.34
6.48
2.73
7.14
0.01
10.23
5.28
14.31
5.65
6.09
10.14
7.17
2.8
5.93
5.88
13.26
1.71
3.93
13.4
5.35
0.85
4.25
1.2
3.31
13.59
11.88
12.18
4.4
6.97
8.29
5.88
9.01
6.83
9.45
2.37
3.45
7.51
12.89
11.01
8.14
3.1
15.0
7.94
3.93
1.82
12.35
6.98
6.01
2.46
13.93
1.75
1.07
2.13
9.44
8.66
12.9
8.9
1.86
13.24
0.98
6.03
9.31
1.31
7.76
4.54
3.93
11.04
10.65
3.21
4.95
0.7
9.44
2.14
5.4
7.58
4.21
10.83
11.6
2.17
0.44
3.61
2.07
4.99
4.91
6.94
4.24
3.58
8.46
14.0
9.03
9.77
0.6
9.74
5.58
1.52
12.92
10.12
9.23
9.01
6.56
9.93
1.14
3.52
14.39
9.23
3.1
10.29
1.82
13.23
13.38
5.63
12.74
0.16
10.14
7.54
7.23
1.0
13.62
8.67
5.65
4.16
14.76
1.05
0.16
10.25
9.09
2.44
7.82
14.46
4.39
6.43
14.44
5.53
0.75
6.24
11.81
0.8
9.11
0.09
11.53
13.17
0.27
13.38
0.2
8.2
9.51
8.89
5.99
7.03
6.51
7.02
3.9
3.37
7.48
12.44
6.63
12.31
2.96
8.87
0.83
7.04
2.82
14.73
13.74
9.77
1.76
13.66
8.08
14.04
0.19
9.55
2.88
4.87
8.32
0.58
6.27
7.76
11.52
8.1
13.96
6.22
14.27
9.67
1.61
5.55
4.34
5.49
12.84
1.62
3.95
2.03
1.72
8.37
12.99
13.12
0.25
4.97
6.49
9.23
13.06
9.52
12.74
12.38
1.99
2.8
5.48
5.98
10.96
12.32
5.15
2.43
14.07
14.86
3.22
2.68
4.61
3.15
1.76
5.16
14.45
12.09
2.22
8.49
10.31
8.69
0.73
10.59
11.1
14.59
7.27
7.57
14.43
2.07
8.31
10.39
11.26
4.85
3.58
10.79
4.76
2.72
5.32
14.25
12.44
10.39
3.92
2.52
3.33
0.36
9.38
3.77
1.2
13.45
12.33
5.41
2.5
0.1
6.48
4.0
1.15
14.13
14.82
2.4
14.66
0.96
0.99
9.66
12.32
3.55
4.62
8.52
11.57
2.53
1.09
5.49
5.9
11.06
2.42
10.81
14.73
7.8
8.51
0.68
3.96
9.51
7.32
12.75
7.49
5.19
4.53
11.21
10.6
4.24
10.0
13.75
14.19
13.02
9.09
7.42
9.23
12.42
9.86
7.0
14.82
6.5
6.56
8.63
8.51
14.76
0.38
9.48
10.3
1.55
6.32
4.9
10.3
2.68
7.07
12.3
2.34
5.63
4.9
8.28
4.33
2.47
12.73
9.58
13.74
12.39
7.86
7.5
1.37
0.6
0.34
9.67
6.86
9.98
4.43
14.25
8.42
13.81
9.84
2.84
0.81
6.34
3.15
0.07
0.11
5.16
6.07
5.78
1.01
11.28
1.72
7.2
14.68
3.58
13.08
2.9
0.85
5.66
0.44
10.98
8.96
14.28
13.82
2.93
2.27
0.5
2.36
1.26
14.86
4.86
13.92
5.67
13.57
1.35
3.7
0.83
8.7
10.64
11.14
3.96
4.64
12.27
5.54
12.17
1.08
6.49
11.43
8.08
6.82
1.7
0.81
9.23
13.44
10.5
13.59
13.42
11.34
9.22
10.43
14.36
15.0
2.28
12.99
9.72
13.46
3.87
9.97
5.85
4.3
2.88
11.54
14.57
11.57
8.85
5.4
6.83
14.25
8.79
10.19
11.15
2.67
1.0
8.31
3.69
14.27
0.2
0.31
10.46
7.46
2.72
0.62
13.54
2.54
9.51
13.45
13.17
11.38
9.31
1.1
12.6
13.66
13.2
0.33
0.55
1.36
3.77
0.5
3.74
0.32
10.09
8.79
14.9
14.19
1.65
8.51
10.55
6.74
4.91
12.31
4.74
3.15
2.58
5.68
4.84
5.58
7.0
4.32
7.01
5.64
1.76
7.91
10.83
10.68
1.08
0.11
8.79
0.2
0.78
2.62
7.86
13.76
13.34
4.58
9.55
13.86
12.28
14.99
10.19
11.58
4.24
2.8
14.58
8.92
8.29
13.0
5.27
2.33
8.01
8.5
8.9
12.57
9.5
9.42
2.49
0.66
1.1
5.53
4.44
4.85
5.66
8.71
14.82
0.87
1.98
14.55
10.79
6.79
7.52
7.95
1.86
3.16
0.94
5.85
12.94
14.19
11.2
11.9
10.75
14.16
7.35
14.88
11.0
7.65
5.9
2.14
5.0
8.79
3.99
5.18
6.65
5.65
14.74
2.84
11.26
9.23
11.73
7.2
11.64
1.9
8.44
2.25
2.64
0.4
9.4
3.01
2.37
11.33
0.6
2.13
7.76
3.04
5.58
7.88
1.96
3.67
11.53
7.43
2.46
0.32
2.74
12.62
14.84
4.86
0.93
0.88
6.28
5.87
4.61
11.5
12.67
11.26
8.42
14.4
12.55
0.37
3.63
2.63
10.45
13.59
1.82
10.56
14.92
11.15
0.36
10.3
12.89
13.61
8.62
13.84
12.12
13.29
2.19
8.46
12.43
7.4
8.64
12.03
8.66
13.48
11.43
4.97
11.39
11.46
2.02
0.31
1.62
10.99
10.0
0.9
6.26
7.85
10.09
8.45
4.25
1.05
2.61
10.24
8.76
6.41
5.32
14.89
10.41
8.26
11.43
12.61
7.1
10.38
4.46
3.12
6.24
11.9
1.05
4.46
0.84
0.52
12.19
4.58
9.12
5.37
11.76
9.0
10.39
13.87
3.26
6.0
13.5
9.08
11.54
1.03
6.5
1.33
14.27
12.8
12.63
8.9
13.62
12.12
10.73
13.73
9.05
6.77
14.87
4.79
7.97
10.65
6.33
5.39
3.32
12.69
14.29
4.07
0.72
5.83
7.61
6.55
3.15
14.7
6.91
7.97
8.43
11.5
13.19
13.0
13.56
3.37
5.2
7.75
11.69
9.35
7.1
14.92
13.11
6.59
9.77
1.25
8.42
0.16
9.61
0.08
5.4
10.07
2.84
6.85
1.6
11.1
8.74
1.09
11.45
13.27
