0.92
14.49
7.46
1.61
0.83
7.48
2.74
7.95
11.92
2.8
2.18
5.33
3.91
3.7
7.87
12.26
10.38
2.76
0.93
9.08
9.8
13.03
6.83
5.36
0.37
2.5
12.84
8.75
11.54
2.45
2.65
14.92
14.63
7.14
11.22
8.41
13.75
2.42
1.82
6.32
10.76
5.7
7.83
13.37
10.63
13.45
7.87
5.15
12.44
2.99
13.39
11.12
2.62
11.42
2.31
1.55
3.55
9.44
12.83
0.81
4.75
1.62
6.27
7.42
0.21
4.2
2.25
14.21
10.31
14.19
6.27
0.51
10.87
11.73
9.25
11.26
8.73
8.35
5.16
14.47
12.02
10.96
3.27
11.07
7.19
4.33
11.08
8.92
4.02
0.63
14.03
0.74
11.46
12.0
2.54
3.82
11.61
11.23
6.91
14.71
2.22
7.6
5.2
6.39
2.65
1.54
3.43
7.82
11.06
3.68
12.36
0.4
11.55
2.92
14.11
3.08
1.2
2.12
2.52
10.33
0.21
4.69
10.34
5.48
10.32
4.55
14.98
13.95
0.94
3.76
0.38
11.81
10.58
10.05
3.13
14.63
2.03
0.34
12.47
4.59
9.8
11.98
11.2
5.96
9.73
7.4
4.12
3.6
9.48
2.06
11.41
0.09
6.56
3.82
4.76
1.96
9.26
9.25
8.86
2.78
5.13
0.59
14.53
3.15
12.37
10.84
13.67
11.88
8.5
7.74
6.56
5.97
14.74
7.39
13.32
0.04
5.45
2.42
2.31
11.78
11.37
0.81
4.04
11.15
7.63
5.45
7.97
4.69
2.89
1.15
9.13
14.02
5.27
4.96
8.08
10.31
2.04
3.09
14.85
8.2
8.18
6.5
14.99
7.1
10.83
0.83
9.09
14.04
9.78
14.66
11.57
4.5
0.02
13.8
1.27
5.45
9.48
4.52
12.47
2.8
8.57
0.16
3.98
4.52
11.78
7.37
7.94
0.94
9.37
14.36
14.23
7.89
9.8
12.55
8.02
5.88
6.29
7.04
3.11
14.05
3.43
6.47
4.99
5.65
9.52
11.06
9.35
14.75
2.78
5.96
3.33
13.01
4.03
5.14
0.92
6.62
7.19
6.3
3.58
12.7
11.41
13.57
4.49
0.57
13.28
11.03
5.85
5.54
11.68
13.19
7.62
9.59
9.75
4.19
7.05
10.48
11.69
14.85
3.07
0.91
4.88
9.31
11.86
10.75
1.07
0.77
2.79
12.79
4.35
3.26
0.74
3.32
11.33
6.12
2.87
1.72
11.39
4.9
11.46
7.03
0.6
10.13
11.88
8.32
12.44
11.5
5.28
3.47
6.48
8.85
4.01
12.47
4.16
9.85
2.58
1.82
3.53
0.07
14.51
10.7
1.18
2.01
10.38
7.41
4.92
7.29
12.18
6.57
6.0
3.54
2.4
10.61
7.04
4.6
9.74
7.24
8.96
13.2
3.7
4.81
3.65
0.09
14.21
4.68
0.49
14.63
6.36
2.95
6.24
14.93
1.02
3.45
3.98
14.45
8.52
9.75
14.68
12.8
7.07
6.8
2.69
7.05
5.08
14.8
14.38
11.34
9.36
7.77
5.27
7.77
6.56
9.66
8.28
12.74
12.39
11.67
9.08
2.27
3.03
3.79
13.3
11.32
6.38
6.62
5.2
0.46
13.29
12.56
14.45
2.83
6.79
9.49
3.8
0.39
5.82
8.45
9.88
14.6
2.11
12.59
4.58
5.19
5.69
4.35
6.9
11.41
5.07
12.67
4.35
4.62
0.58
9.1
5.35
6.12
1.42
5.46
8.06
12.55
10.36
1.17
10.62
2.29
1.66
2.04
7.23
2.27
1.59
0.64
7.86
6.42
8.96
13.93
4.37
7.72
10.2
9.22
11.65
5.02
12.38
5.08
5.49
14.83
8.85
0.73
10.0
5.54
14.94
13.36
8.57
9.14
14.72
14.35
8.39
2.03
7.35
13.06
1.36
8.7
0.54
14.2
8.18
2.36
5.31
7.94
14.04
4.88
5.86
0.28
11.53
11.62
11.33
8.33
0.92
14.57
4.13
11.07
7.08
12.27
0.54
9.63
1.28
11.22
14.32
9.31
7.52
7.32
8.61
5.47
9.43
8.91
6.89
10.5
6.29
11.89
1.98
1.23
6.15
1.57
7.52
6.41
6.24
8.46
0.97
5.54
13.04
3.09
0.05
5.89
2.06
3.13
2.64
3.49
11.17
5.9
11.91
6.23
11.84
0.26
14.33
2.22
5.72
11.63
13.34
13.74
5.1
5.49
1.34
7.49
1.92
6.96
9.31
4.64
5.65
1.77
1.95
3.41
8.95
10.1
9.51
6.82
5.54
13.91
11.7
5.98
4.95
13.34
9.04
5.23
12.99
12.91
6.75
2.58
12.37
11.61
6.44
13.42
6.64
13.24
12.06
5.73
1.03
8.63
4.67
14.48
6.82
6.49
5.15
1.66
14.57
3.08
1.88
3.15
5.59
10.25
14.73
12.14
4.68
14.33
5.74
7.2
14.32
0.09
7.98
4.92
14.63
4.63
8.9
0.16
3.44
2.69
7.83
2.86
4.05
12.41
13.37
0.2
1.55
5.54
2.74
1.05
1.73
11.47
10.06
10.27
12.2
10.07
11.22
10.98
12.26
3.56
8.47
1.54
12.92
11.07
13.79
8.3
3.99
6.89
7.72
12.03
9.5
8.04
1.66
10.14
0.49
10.61
3.71
8.15
4.15
7.74
5.1
9.44
14.65
10.57
6.36
7.45
11.85
11.48
14.46
12.04
7.09
2.98
13.23
4.39
2.73
13.24
10.44
9.32
7.98
2.25
14.57
13.31
9.03
11.61
11.08
8.05
0.63
4.33
9.99
14.97
5.63
13.46
10.06
4.57
4.32
13.85
3.98
12.85
11.16
5.41
7.17
5.89
4.37
13.46
6.75
4.57
13.17
13.64
14.54
14.98
8.07
3.4
14.35
13.75
2.35
5.72
8.57
0.96
0.23
11.94
1.69
1.97
12.72
11.11
11.71
13.72
10.94
5.39
10.9
1.97
11.55
13.07
8.65
8.29
8.98
0.5
10.48
12.94
14.97
0.74
0.16
11.63
5.47
8.83
6.75
6.87
10.88
0.2
5.47
8.47
11.2
7.49
11.57
9.29
10.82
11.83
7.94
3.02
6.49
12.72
7.85
4.81
11.09
11.03
6.73
0.84
12.0
2.31
5.33
6.44
5.23
2.21
5.2
10.63
9.78
12.68
4.52
10.14
0.09
9.31
3.16
6.59
7.34
13.04
14.61
12.84
4.21
14.16
5.9
0.8
7.37
3.37
2.55
4.77
12.23
14.73
10.51
6.47
1.74
6.72
5.87
13.04
2.84
2.23
13.98
8.62
2.1
12.57
6.59
14.17
1.88
10.26
14.81
11.27
11.47
0.3
9.17
11.69
7.33
14.83
12.31
9.15
9.01
4.53
5.12
13.03
8.38
7.69
6.82
8.02
6.69
6.41
6.29
13.39
6.99
0.82
8.58
12.6
2.42
3.33
13.09
7.93
13.78
1.72
2.89
10.96
2.71
9.02
13.43
6.17
15.0
14.11
8.16
8.96
1.07
9.45
1.48
6.64
0.25
2.65
6.85
12.22
6.85
0.64
9.6
8.79
1.5
3.2
4.4
5.72
7.74
2.25
4.52
6.0
11.79
9.18
11.94
3.52
7.25
13.95
3.74
14.59
14.36
6.03
7.52
14.31
12.01
14.08
9.05
12.61
7.64
0.13
0.53
2.53
13.11
1.89
10.29
14.62
0.16
8.45
7.25
13.65
4.29
4.54
0.88
7.8
6.77
9.12
9.45
14.33
11.59
11.5
6.98
7.0
0.08
13.26
0.15
2.23
9.85
7.44
8.69
5.13
6.82
2.98
9.05
6.18
14.66
8.12
13.67
9.71
13.69
1.06
7.48
12.67
8.84
14.59
7.63
13.57
0.7
7.03
3.49
4.07
0.53
8.52
13.26
3.35
5.8
4.95
7.48
3.32
2.99
7.24
3.18
12.0
12.18
13.11
7.37
13.07
9.77
3.66
0.24
1.29
13.3
0.8
9.04
7.76
7.9
12.02
8.54
14.32
9.54
9.63
12.47
6.91
11.37
9.54
8.9
4.88
3.5
1.91
14.43
8.6
6.48
7.24
1.46
1.79
4.65
2.93
5.69
2.62
6.41
4.03
4.45
4.94
9.48
12.17
6.64
12.87
6.45
14.35
0.22
10.82
0.15
10.11
13.13
4.52
9.51
5.53
2.66
12.76
13.84
6.45
1.58
5.44
2.67
14.25
5.45
6.37
12.35
12.96
14.11
9.43
13.42
7.33
0.26
11.25
11.64
3.1
12.68
9.01
9.2
3.34
10.12
14.13
4.18
0.23
8.92
7.83
1.17
12.67
9.31
9.61
11.82
2.42
5.85
5.97
10.63
7.3
6.26
5.06
1.53
5.35
10.14
6.2
9.05
6.65
13.0
4.39
9.41
6.43
2.16
7.66
11.86
13.16
8.52
5.02
13.44
1.26
12.27
14.02
8.36
14.39
14.51
3.51
5.4
11.57
3.76
13.89
3.26
8.97
6.44
4.34
8.64
8.47
9.12
5.63
3.28
5.32
0.21
9.7
12.39
13.91
4.67
4.29
10.89
1.67
6.9
12.19
2.98
14.58
6.08
10.08
14.82
6.12
6.56
4.55
0.01
3.73
14.7
10.67
9.9
9.52
12.1
10.18
11.76
13.03
9.68
0.98
8.3
6.92
1.82
14.75
13.35
5.06
4.26
3.39
12.59
3.28
7.71
11.52
6.22
11.55
13.13
4.67
1.87
1.45
14.87
9.21
5.24
4.05
1.99
3.14
7.18
1.54
12.96
5.46
13.18
1.24
0.6
6.74
2.92
4.27
13.21
13.95
6.17
13.78
11.89
14.58
14.91
14.76
0.59
13.89
10.27
14.04
14.9
14.79
4.32
4.88
11.35
7.64
1.86
1.81
2.8
11.16
1.62
2.48
13.73
7.76
11.06
11.28
4.13
3.69
3.1
0.82
7.92
0.82
7.04
1.51
8.65
0.85
5.36
13.48
14.21
0.33
6.56
13.63
13.27
1.87
13.97
3.97
10.96
11.76
6.72
13.91
2.7
4.76
5.27
1.96
11.91
1.59
8.71
10.55
2.27
3.76
4.93
3.44
10.65
6.35
9.13
12.44
6.84
0.27
12.14
5.09
9.86
6.76
5.1
2.94
4.01
7.21
