9.39
13.6
7.56
4.63
7.89
1.13
7.46
1.48
13.76
1.41
6.54
1.29
5.86
8.95
13.87
13.71
14.08
10.89
13.26
8.65
2.01
1.17
9.9
1.76
5.65
2.79
0.83
0.69
4.52
1.96
4.1
0.07
11.67
10.47
1.06
3.14
9.74
0.3
12.65
13.47
6.04
0.48
12.17
4.53
7.35
11.3
10.15
3.36
5.82
10.41
10.11
0.88
2.6
0.27
10.49
2.24
10.77
13.97
10.59
13.61
7.3
5.28
5.43
14.82
4.31
12.61
2.46
2.54
7.58
14.85
2.77
4.57
6.45
4.9
0.68
0.33
9.73
4.2
1.34
11.74
1.43
3.67
8.43
10.23
10.54
7.32
14.47
6.37
2.08
10.72
6.85
2.82
6.62
4.87
9.97
8.6
12.49
10.38
4.21
11.8
1.04
6.11
8.21
1.88
4.55
4.02
10.45
1.67
7.83
10.84
13.17
10.92
10.94
2.93
0.56
14.18
0.22
9.87
1.79
1.99
10.93
10.92
9.02
10.52
1.39
0.12
6.3
5.58
2.45
5.08
6.59
11.97
0.35
5.64
3.94
5.26
5.42
7.71
4.46
14.1
13.56
5.17
12.95
7.48
8.42
14.84
11.18
8.29
6.05
5.55
14.66
0.91
2.1
3.17
1.15
0.42
9.11
0.99
6.81
1.76
4.95
9.42
8.6
14.29
14.41
5.87
12.25
11.95
1.84
4.66
10.21
9.59
8.59
2.49
6.37
4.81
8.96
14.87
1.6
2.27
13.51
1.17
11.51
10.89
1.41
8.86
4.67
6.15
8.19
13.18
13.03
1.63
10.45
10.21
12.72
3.9
9.71
13.58
14.3
10.64
13.78
1.45
6.6
0.88
12.2
8.73
9.47
5.64
8.86
5.65
9.94
3.86
11.64
9.89
0.47
14.47
3.06
7.45
13.39
5.35
9.49
9.31
3.73
5.97
8.83
9.9
12.67
14.47
0.65
7.78
14.48
6.03
3.69
4.15
13.42
8.61
11.55
3.11
5.36
11.9
11.19
1.65
6.61
12.12
11.29
4.7
12.97
0.75
13.89
7.47
12.37
11.03
0.61
2.96
13.78
0.91
6.93
12.91
8.03
2.94
11.61
1.35
14.62
9.77
11.45
7.9
4.02
1.35
13.19
3.87
10.08
9.16
10.55
8.58
9.95
4.31
7.65
7.88
11.94
6.97
6.78
5.66
0.02
6.16
13.4
3.0
13.87
14.82
8.18
4.48
0.78
2.31
8.8
4.77
14.16
9.25
5.17
8.23
14.91
8.54
7.45
4.46
4.28
0.99
8.38
14.01
13.79
10.46
0.87
11.64
7.79
14.39
8.29
14.15
7.4
6.98
3.96
1.2
2.47
12.44
4.24
7.27
13.38
12.49
2.7
9.99
8.87
3.39
5.34
7.02
10.67
14.69
6.37
4.31
5.14
8.68
0.18
9.13
2.68
7.17
1.64
9.43
14.75
14.58
9.94
3.77
10.5
0.99
13.11
3.69
8.43
12.42
6.09
1.93
0.33
14.84
4.78
3.09
8.03
8.51
2.42
9.44
9.14
14.61
5.36
3.88
5.84
4.97
5.54
8.21
7.39
13.9
8.0
3.86
5.3
12.8
6.25
1.24
0.81
2.5
12.12
2.05
6.59
0.15
1.13
9.29
9.95
9.88
3.38
0.57
13.0
7.4
6.88
6.11
7.66
8.62
4.65
4.36
9.15
14.04
11.11
0.66
4.52
9.27
8.98
12.84
0.82
3.91
0.15
12.35
14.93
9.71
5.22
13.07
12.59
6.46
14.33
12.3
0.16
8.65
5.77
7.8
6.64
5.01
14.95
13.41
0.15
12.43
14.9
3.38
14.79
2.38
3.9
1.84
2.32
12.76
13.47
12.22
7.68
11.9
8.09
0.41
12.45
8.52
5.48
7.39
7.66
2.08
4.57
2.92
13.87
8.17
1.0
10.11
6.95
5.37
10.99
0.71
6.56
10.59
4.51
13.44
13.56
13.84
12.86
2.21
13.84
13.59
0.27
1.77
3.7
3.07
1.35
13.99
12.28
3.35
14.56
6.4
4.96
6.82
14.95
9.14
6.41
14.75
14.91
4.16
4.53
5.14
12.34
7.94
13.83
0.64
7.9
13.15
4.87
3.5
1.92
11.77
1.14
6.46
12.59
8.18
3.63
13.22
1.69
6.54
11.83
11.91
6.21
13.73
5.59
7.33
9.87
13.57
5.24
10.39
5.05
2.04
1.47
2.75
7.73
4.87
6.94
1.99
7.63
11.65
14.25
9.6
7.85
10.44
9.93
8.11
0.8
11.48
7.63
4.35
14.71
12.04
12.91
14.51
12.9
4.32
8.88
5.6
12.89
0.14
11.71
12.14
0.97
9.79
14.29
11.9
3.98
9.81
8.87
10.88
10.53
0.43
13.86
10.88
4.35
9.78
11.13
6.01
12.62
13.49
3.67
14.05
2.95
10.3
7.21
13.46
10.24
13.84
2.6
4.0
4.34
5.67
7.59
2.86
6.33
11.93
9.86
4.12
12.93
6.07
14.98
12.35
5.44
7.97
7.34
7.48
0.85
3.18
1.35
1.26
0.16
9.86
6.44
11.3
10.89
6.17
4.13
2.59
3.63
10.37
7.15
7.23
8.24
14.65
10.17
1.9
11.62
14.09
7.47
6.98
4.44
12.61
11.15
8.92
2.19
6.48
12.22
8.3
0.34
13.89
1.58
10.2
7.68
13.74
11.56
10.11
1.51
3.17
10.89
2.95
4.04
14.15
1.26
10.51
2.82
6.3
10.82
10.61
10.83
1.83
5.6
13.59
5.11
10.78
8.36
7.18
8.6
12.29
5.59
10.98
13.17
7.99
5.73
1.64
13.62
7.08
9.07
13.63
2.01
4.24
0.57
10.79
1.58
2.54
3.24
12.31
2.63
14.23
9.19
13.67
5.84
12.02
9.44
13.53
1.99
11.36
12.03
5.0
1.43
11.3
5.34
1.95
10.39
11.37
9.13
0.72
12.01
12.11
10.54
4.59
2.53
5.8
2.26
8.73
6.97
13.67
0.51
11.02
8.09
1.13
2.51
0.6
9.03
10.1
8.7
8.49
8.63
13.38
14.84
10.91
1.59
9.81
1.68
7.12
14.26
9.72
14.3
0.5
9.63
8.29
13.76
10.9
3.75
5.07
9.72
7.66
14.84
3.68
9.78
6.75
7.38
11.23
3.2
0.6
9.88
5.1
4.82
12.86
14.53
6.3
0.53
12.92
14.87
13.69
7.63
6.74
3.45
9.62
11.38
1.97
11.33
1.95
12.94
2.76
5.47
4.64
3.48
10.11
1.22
9.93
10.98
13.79
6.09
13.76
8.4
6.82
9.5
8.15
10.18
11.16
4.91
8.65
14.77
12.64
2.36
1.9
13.21
9.77
7.38
1.03
1.48
1.3
10.28
13.92
0.91
8.76
8.32
4.42
14.22
3.24
0.1
4.51
8.62
0.88
9.71
11.24
13.95
10.72
2.54
14.97
10.88
8.19
7.43
3.8
11.36
14.37
9.64
11.41
10.99
2.93
10.26
13.63
8.49
8.32
6.23
10.45
4.38
7.87
6.69
4.36
9.27
8.57
12.6
10.75
2.9
8.67
12.06
11.97
10.73
2.23
0.29
14.27
4.22
6.77
1.41
4.01
2.75
8.24
12.9
2.25
12.9
7.86
6.26
9.05
0.11
8.98
10.96
8.84
14.26
1.71
7.57
12.96
5.16
6.5
2.33
5.08
10.1
10.6
13.37
10.52
7.16
6.68
0.29
14.16
13.21
8.48
0.98
5.82
9.52
8.06
12.93
0.23
8.63
7.34
2.79
11.94
9.77
13.16
12.27
11.6
10.55
10.37
2.49
10.17
14.26
5.1
7.68
3.95
2.77
0.37
8.27
12.2
1.54
8.72
8.84
5.26
10.38
14.91
0.37
2.4
13.65
1.06
12.62
3.93
8.9
5.25
6.06
11.18
5.11
1.78
5.21
10.31
11.74
7.71
11.94
4.07
13.08
5.57
10.33
7.55
3.88
7.88
9.75
12.73
9.26
0.46
7.92
3.4
1.61
5.34
12.78
6.74
8.05
3.77
12.15
12.0
9.28
2.91
3.82
10.39
0.65
5.43
12.01
13.47
4.6
10.41
14.12
5.42
14.21
7.39
2.46
5.22
14.21
12.11
14.41
12.75
11.48
14.66
12.15
9.56
12.59
12.42
11.39
4.52
8.16
1.29
2.76
3.06
14.28
1.23
4.33
8.76
7.28
8.29
3.9
13.97
0.99
14.67
9.3
9.97
4.81
10.72
13.52
6.67
9.65
7.07
4.16
4.89
14.8
14.48
9.57
8.85
9.86
3.33
12.87
7.37
14.72
3.78
2.23
14.6
1.0
7.96
2.47
4.09
4.42
11.63
13.04
0.33
2.26
11.53
5.93
5.2
9.57
1.94
6.24
8.98
8.96
8.42
3.33
12.28
13.28
6.66
7.78
11.57
1.0
12.29
5.25
9.03
7.18
5.17
14.6
14.63
8.53
11.77
8.78
3.5
12.93
4.18
7.34
10.34
10.86
9.78
3.67
11.07
5.62
2.71
10.97
8.89
2.63
13.99
14.66
10.22
7.64
10.75
14.2
7.78
2.26
0.14
12.26
6.19
9.99
12.53
10.54
8.02
10.93
3.15
0.58
9.78
2.88
5.5
11.03
1.84
0.06
0.82
5.35
5.88
4.31
11.0
13.24
9.76
0.44
8.82
14.18
14.54
7.22
2.42
3.01
10.0
12.98
12.16
7.0
2.36
11.15
4.15
2.01
0.65
7.12
0.29
9.95
0.82
7.01
5.09
5.88
12.34
6.71
12.37
0.34
8.76
2.01
5.89
1.06
7.55
7.61
2.01
13.3
14.18
6.68
6.69
4.37
2.67
8.59
6.6
14.93
9.14
9.17
12.34
0.65
1.04
9.99
11.51
4.13
6.78
5.34
6.55
3.43
7.96
12.27
4.65
8.22
9.43
8.81
7.36
6.87
12.31
10.01
2.0
14.04
3.16
12.63
13.46
13.17
6.27
14.82
6.94
13.41
4.3
5.32
4.64
6.98
1.27
7.55
7.27
6.7
3.85
0.15
4.63
12.26
0.72
4.81
8.65
14.72
2.09
5.3
6.94
7.01
0.8
11.94
11.7
9.89
0.67
10.82
4.4
10.39
11.1
7.69
5.52
2.28
6.12
7.01
13.96
5.79
8.53
6.95
2.13
