5.74
14.67
5.29
14.71
14.43
12.09
10.23
9.87
11.6
3.87
7.57
2.91
12.0
12.44
7.04
14.93
8.25
1.37
5.49
8.5
5.26
5.82
1.63
14.46
9.06
6.76
5.55
14.08
4.98
5.58
13.64
6.35
13.91
4.9
8.85
14.33
11.1
5.6
7.92
2.0
13.5
14.58
14.9
13.33
8.41
8.87
4.3
6.67
8.64
11.05
2.17
13.11
5.14
7.95
9.66
12.49
7.26
7.21
0.98
11.8
14.08
11.85
7.6
11.88
11.54
13.99
7.41
6.09
7.96
5.0
7.35
0.84
0.33
4.21
11.8
13.51
0.94
7.12
2.03
4.64
13.04
14.89
3.24
12.78
12.14
1.0
9.09
8.16
0.87
7.33
9.57
9.18
12.28
5.79
4.21
3.2
4.65
10.54
10.11
9.1
4.12
12.58
11.25
13.63
2.79
12.71
12.65
11.97
13.79
5.08
11.09
8.49
7.64
6.81
12.69
2.18
3.52
14.65
8.27
6.21
14.97
11.83
12.16
2.28
12.01
4.22
8.34
13.74
14.25
1.23
13.25
9.32
0.05
7.89
5.88
3.1
0.24
2.95
1.29
11.22
5.39
3.89
3.74
3.07
11.98
6.8
2.52
14.78
13.67
14.73
7.54
2.95
6.84
7.01
11.81
8.7
3.91
6.28
3.5
5.69
7.32
8.33
1.7
13.21
6.72
3.79
10.81
10.17
5.26
5.92
6.6
10.53
11.91
3.53
5.62
10.72
14.02
6.55
4.28
0.48
4.56
4.07
3.92
4.57
1.38
5.17
0.64
8.25
0.98
14.82
8.28
14.24
8.1
11.62
13.4
0.98
9.88
3.01
4.44
5.88
6.25
5.32
4.41
9.24
12.36
11.25
7.7
13.26
2.77
12.3
6.75
5.89
10.49
8.74
13.73
0.77
7.34
8.84
14.18
7.94
9.08
6.57
8.09
11.06
12.22
1.93
4.17
8.68
14.69
4.61
5.59
7.62
7.3
9.35
6.57
10.58
7.57
9.03
4.25
7.4
12.31
3.53
0.1
5.52
2.78
4.58
13.04
13.58
11.46
10.7
0.78
8.35
12.51
12.04
10.42
11.38
13.61
8.36
5.54
0.83
6.67
5.77
13.76
4.87
12.53
13.69
6.44
12.01
14.42
4.17
3.98
1.29
8.05
8.88
2.85
3.43
10.84
1.83
2.52
12.72
4.92
10.87
3.12
14.12
3.74
5.99
12.29
4.94
1.33
7.11
10.87
11.99
11.7
1.44
2.23
6.88
12.2
11.67
2.87
6.38
4.17
12.12
13.21
11.13
10.65
1.26
4.08
4.71
13.0
8.43
13.47
9.76
1.96
13.4
11.46
3.01
12.97
11.06
4.25
1.45
14.47
1.48
3.55
7.4
4.86
0.9
7.03
14.28
12.54
14.59
0.8
1.38
13.2
12.08
10.31
0.78
4.56
13.29
14.87
1.92
11.51
5.17
8.03
0.7
10.08
4.64
0.67
12.54
11.04
0.12
7.38
1.98
9.68
4.18
6.97
1.23
0.53
5.46
7.9
10.22
8.41
12.72
2.26
12.0
7.7
10.26
0.19
5.22
11.96
14.08
2.36
5.98
8.35
9.01
10.66
1.87
5.69
6.96
12.81
14.52
10.23
12.08
6.09
8.9
4.29
9.38
4.62
5.21
1.05
11.31
2.39
10.02
14.07
4.5
9.23
5.79
12.53
1.82
14.21
8.29
10.09
10.48
3.98
13.45
7.15
4.68
11.84
2.54
6.39
11.43
5.27
6.67
14.92
5.85
4.83
5.72
14.02
8.58
11.65
11.66
10.45
11.3
10.39
9.61
13.1
8.93
8.06
6.52
14.02
5.85
1.38
2.22
8.69
5.33
4.59
8.74
7.21
13.41
4.41
2.23
14.96
10.15
12.15
1.0
7.02
12.51
14.53
8.74
3.83
4.95
14.17
0.11
7.64
14.51
7.31
9.77
0.72
12.0
8.85
14.59
14.7
6.23
5.61
4.97
10.47
10.29
11.1
0.28
12.75
4.87
12.31
4.99
9.1
7.98
11.95
10.8
14.75
10.41
13.77
10.34
0.22
7.54
8.48
8.13
3.92
1.29
10.7
4.06
9.39
0.46
7.09
2.74
0.88
4.5
2.19
6.89
3.41
12.88
6.87
10.28
0.87
3.67
11.4
7.62
13.49
14.1
4.21
8.85
13.99
1.55
7.07
13.57
2.38
12.16
14.76
4.18
9.81
0.07
9.92
8.77
6.28
4.66
7.01
5.12
4.59
14.6
2.64
0.14
3.35
12.57
14.83
11.03
1.61
12.39
3.88
5.56
11.0
9.04
8.15
8.95
12.93
5.27
4.46
12.64
7.68
2.16
1.18
13.6
3.92
7.91
10.09
1.16
11.74
13.73
11.69
11.75
8.28
10.18
9.01
8.35
7.6
0.09
13.42
4.23
5.75
5.83
6.1
11.87
9.69
7.25
2.22
9.29
5.45
2.65
4.82
2.5
6.81
1.08
1.51
9.03
9.42
13.25
10.18
5.19
1.65
5.88
12.83
6.59
3.96
10.13
11.09
4.45
0.71
13.58
3.16
0.71
6.57
13.31
14.83
4.16
11.43
7.9
13.65
6.86
12.6
1.36
10.37
0.3
0.78
12.91
3.74
4.31
4.96
7.25
11.48
0.85
4.29
1.62
10.08
4.22
2.8
6.86
2.1
8.36
1.66
2.34
5.87
10.41
3.53
11.1
8.94
8.28
11.06
7.88
7.24
3.68
3.46
14.17
9.98
10.88
3.21
3.57
10.89
1.94
3.76
5.89
13.69
6.93
4.35
12.37
15.0
11.88
11.76
1.74
3.23
4.54
8.39
10.36
2.12
14.04
3.23
7.18
10.95
0.62
11.15
1.15
4.1
13.35
2.89
11.28
6.87
12.07
12.37
8.08
12.1
14.38
2.9
13.79
1.25
14.63
4.7
4.33
12.88
9.23
11.61
0.47
13.65
2.52
12.23
10.23
3.61
3.59
8.62
4.34
5.39
3.01
1.4
3.04
1.82
0.73
10.49
6.22
1.76
7.69
7.34
3.21
5.69
13.16
12.41
14.54
6.91
0.77
14.43
14.81
13.81
1.58
5.62
13.92
9.72
10.86
12.12
8.62
9.82
11.52
4.43
7.51
3.41
2.59
6.67
13.98
4.52
5.11
10.67
10.27
6.71
0.84
3.31
10.05
12.21
7.99
7.73
3.56
12.81
10.25
5.06
2.79
1.62
13.51
3.59
14.7
5.08
11.7
4.57
10.79
4.4
7.91
9.99
8.81
2.67
7.08
8.62
12.38
2.75
12.73
10.52
4.76
12.24
8.49
4.21
12.11
11.28
14.17
9.94
5.56
5.96
4.92
13.62
12.7
0.43
13.52
11.5
7.29
0.76
4.83
13.17
3.56
10.08
6.38
2.33
7.13
13.88
6.92
11.93
12.65
7.97
12.27
6.2
3.99
8.1
5.02
5.22
12.1
1.29
2.55
14.99
11.68
7.42
4.98
8.98
4.0
10.97
6.75
2.68
13.94
9.14
9.01
10.25
8.46
12.31
8.33
3.25
10.46
1.88
2.9
9.96
12.33
8.31
5.16
10.03
14.5
11.97
5.99
5.06
3.81
4.98
1.05
5.6
4.25
14.24
6.27
14.83
14.36
0.19
10.22
9.27
8.14
10.85
2.92
3.22
0.48
2.48
1.47
7.85
13.71
9.55
10.26
7.15
8.46
1.18
0.04
9.17
0.46
8.37
11.82
5.34
0.54
9.64
9.4
14.64
9.81
4.43
2.25
6.74
2.59
8.71
2.44
12.81
2.04
8.18
0.25
5.16
6.38
2.03
3.2
0.71
2.32
3.54
5.75
13.18
5.75
2.52
6.91
3.08
3.08
14.26
4.03
11.25
9.42
9.16
4.67
0.68
9.35
3.89
10.57
1.26
1.31
3.46
4.18
11.61
7.66
7.49
0.66
1.76
10.83
14.04
12.96
5.56
9.22
13.85
8.05
5.78
14.39
12.16
14.67
14.12
8.03
10.34
10.72
2.83
13.31
11.13
2.92
6.15
6.85
10.01
7.85
6.88
8.45
9.19
4.97
2.38
5.6
9.31
13.94
4.64
0.2
11.32
8.08
7.2
5.37
5.59
11.53
0.76
3.92
0.73
4.25
7.32
2.23
10.47
13.53
14.72
14.67
11.22
11.35
1.29
10.21
1.03
8.04
12.14
9.73
2.19
13.33
10.55
12.45
8.03
9.75
11.88
13.96
4.13
9.14
0.22
8.7
11.63
2.43
2.17
0.78
1.29
0.8
6.32
7.43
11.58
14.04
6.3
4.14
4.13
5.52
2.17
13.5
9.89
4.07
4.56
1.03
2.44
7.91
6.22
3.52
10.05
5.23
4.12
2.64
1.5
4.07
1.2
5.62
13.51
11.11
7.77
14.93
7.15
14.89
3.0
10.83
6.45
7.21
13.32
9.38
2.35
5.73
8.47
1.66
9.22
5.94
7.18
10.74
11.61
7.88
9.18
14.45
7.68
12.47
2.7
0.62
5.01
3.42
1.76
3.28
8.66
5.52
11.54
5.94
1.33
1.09
7.72
2.99
3.78
13.35
12.0
14.55
7.48
1.13
7.34
0.53
10.03
9.87
9.18
0.32
9.59
10.78
2.28
9.21
7.77
14.05
8.42
14.75
4.68
6.84
6.32
7.0
10.46
8.48
4.71
5.35
8.68
9.18
11.87
13.38
5.57
14.46
5.85
8.84
7.43
6.87
11.34
9.92
4.14
11.4
1.29
1.05
1.32
11.0
13.92
14.52
13.97
2.69
2.92
11.49
8.84
11.83
13.18
9.94
12.41
11.76
14.08
3.54
6.82
11.53
10.8
3.33
0.81
11.57
11.37
11.84
13.02
14.52
7.36
5.47
8.68
13.82
9.1
6.66
2.3
1.81
11.43
11.72
0.41
6.15
12.22
14.15
13.5
5.73
0.96
4.91
10.3
3.65
1.22
10.85
1.84
2.18
6.89
1.35
14.31
13.17
10.51
13.34
12.22
13.68
5.45
10.52
1.69
4.55
13.55
12.38
12.23
0.5
8.89
12.25
8.11
14.68
2.73
3.91
1.3
7.99
8.54
3.57
9.14
0.24
0.11
10.15
11.9
14.56
0.93
0.11
13.65
4.09
3.2
11.93
9.52
1.26
11.58
3.87
14.23
12.74
4.57
12.94
9.03
1.39
8.78
1.31
1.0
4.31
