9.44
7.54
2.25
2.52
10.29
5.5
5.75
6.39
0.83
13.15
5.2
14.21
8.41
4.32
8.69
2.34
12.0
1.36
12.25
8.27
11.65
12.85
5.05
6.34
5.38
5.76
0.89
1.61
4.05
13.26
5.34
7.68
5.63
7.81
13.43
13.01
2.3
9.86
12.15
13.41
2.28
4.14
2.95
4.06
13.53
2.83
11.51
4.37
2.96
12.59
11.6
14.82
4.18
7.58
10.4
9.26
9.61
13.87
2.2
12.34
5.73
2.98
3.06
10.92
4.67
1.34
10.08
2.67
2.27
3.54
10.44
11.27
10.11
13.33
11.47
8.14
3.06
10.01
6.01
13.4
12.18
12.63
4.93
8.97
13.78
8.05
7.08
9.57
3.58
7.41
11.81
1.21
14.02
9.05
9.99
4.65
3.86
2.31
11.2
12.21
3.05
8.8
13.89
13.9
6.97
0.25
10.99
5.26
9.56
4.97
9.39
11.61
0.14
8.08
0.28
11.96
9.45
6.25
1.66
11.6
13.65
12.72
8.01
11.02
14.34
3.74
9.99
11.1
11.39
4.6
3.38
1.86
11.94
0.44
8.79
2.45
14.44
4.09
3.37
0.95
7.32
9.26
12.22
5.48
7.47
12.47
3.7
10.23
6.96
11.98
11.12
1.88
1.3
9.5
4.0
9.93
8.43
1.95
0.36
12.58
4.39
9.58
1.95
12.41
0.3
7.09
8.84
12.96
9.72
6.17
10.05
12.01
5.1
12.64
13.92
0.71
3.03
6.32
8.85
8.37
11.06
2.42
5.59
14.36
6.51
10.13
5.8
5.18
7.55
5.47
7.7
13.43
6.22
13.4
4.72
1.28
8.45
8.11
9.41
11.79
14.38
1.97
10.92
4.66
8.18
14.25
5.08
9.73
3.2
11.06
5.37
3.11
8.52
12.63
13.73
12.65
11.43
4.58
4.77
2.32
11.51
3.42
3.89
3.74
0.94
9.38
5.29
3.48
9.61
0.98
11.72
8.9
9.63
3.91
4.64
11.41
6.19
3.68
4.47
5.18
2.42
9.02
7.77
0.94
13.65
0.37
12.44
3.98
9.43
6.56
13.54
2.78
9.37
12.06
4.62
3.67
12.16
2.9
1.93
8.37
5.77
0.15
4.3
7.18
12.1
5.62
12.54
12.2
9.73
8.11
4.83
12.92
12.43
9.15
3.37
14.55
14.92
5.29
12.94
6.49
3.88
0.18
6.55
3.72
4.59
12.58
0.53
14.02
11.83
11.03
7.19
10.21
3.32
8.13
13.41
7.25
9.21
6.78
6.87
10.95
9.03
6.66
10.32
4.64
7.83
9.57
10.3
12.48
4.16
7.38
0.69
8.12
13.19
1.9
8.42
7.41
2.59
0.14
1.26
13.71
4.43
8.18
7.73
7.9
2.74
8.86
13.73
10.47
9.62
12.85
14.42
4.55
0.11
12.25
7.97
3.42
3.1
11.2
7.94
7.37
8.4
14.05
4.72
1.96
4.05
3.21
6.38
3.54
8.4
12.47
5.42
1.8
11.71
6.83
7.23
12.51
3.36
6.64
11.65
7.15
13.71
14.49
11.36
12.43
6.59
14.94
10.99
8.05
12.29
0.27
0.22
4.74
9.37
3.0
8.17
3.05
3.76
4.93
8.25
13.98
11.1
11.3
9.23
9.21
6.83
5.7
0.8
8.36
4.13
14.1
6.8
4.61
2.26
12.61
4.57
2.48
1.04
10.87
1.14
6.52
0.88
9.55
4.29
4.91
7.13
12.24
13.45
2.96
2.92
4.5
10.83
6.54
3.96
7.83
1.45
1.76
11.94
5.13
4.02
8.42
9.38
4.05
1.34
7.06
12.15
0.58
0.2
8.5
6.3
14.83
5.45
0.24
13.56
2.35
14.39
7.35
8.13
12.31
0.4
2.77
9.66
14.91
1.03
6.9
0.45
6.62
0.4
12.47
6.14
11.56
9.18
5.76
12.57
1.94
12.58
3.55
14.52
9.88
12.71
0.97
5.74
2.17
4.25
1.62
13.53
2.53
5.14
14.51
13.03
12.31
7.96
7.06
9.7
13.66
9.45
14.86
11.35
7.49
4.0
6.74
8.86
8.8
0.8
3.78
9.99
5.23
8.66
4.11
13.38
14.82
0.36
2.49
12.85
4.2
3.12
4.42
4.08
10.12
0.05
12.94
2.94
7.95
5.02
11.88
12.16
5.7
13.08
4.98
3.18
1.21
12.69
0.71
1.86
4.92
10.86
7.37
1.46
13.39
12.45
12.87
10.66
3.62
8.13
2.16
4.21
5.83
2.91
14.33
9.56
7.25
6.27
8.0
0.36
7.99
3.06
7.3
13.03
2.16
1.55
7.34
8.35
12.47
1.5
1.78
10.48
0.15
13.52
1.8
13.86
8.74
9.27
0.79
11.79
2.3
2.27
13.05
2.59
0.05
8.88
10.89
4.79
14.41
2.63
7.2
8.49
10.67
11.33
12.73
5.09
2.76
2.57
11.94
6.29
2.37
7.07
11.87
6.08
0.12
8.26
8.4
12.59
10.91
1.47
9.57
0.17
11.91
1.93
11.99
12.68
0.59
9.9
7.94
2.49
10.74
10.51
5.83
2.36
5.57
10.01
13.05
10.7
0.76
14.65
6.35
12.55
12.6
1.11
13.24
10.15
0.53
3.95
8.99
8.26
5.63
8.77
12.59
6.61
4.66
13.59
12.1
3.72
8.16
2.62
6.27
9.24
4.6
6.06
11.22
4.13
1.66
2.72
13.55
3.8
13.2
8.52
1.07
14.99
4.34
7.24
8.59
12.55
8.16
5.94
1.0
6.64
11.96
11.38
8.22
8.24
13.53
11.5
9.82
2.63
13.62
9.17
2.24
9.9
14.73
3.97
9.04
0.34
2.34
11.72
1.51
3.4
2.32
2.08
3.85
6.51
8.28
0.96
2.05
5.96
8.35
10.39
7.79
5.11
3.37
14.05
3.94
5.47
11.48
7.26
0.88
10.86
2.73
7.44
0.21
7.89
1.98
8.85
10.65
13.65
14.08
2.66
4.25
9.51
7.89
6.83
10.51
3.64
9.16
14.48
8.23
10.98
13.09
14.5
2.55
3.48
1.97
10.73
1.69
11.25
4.66
5.83
12.55
10.38
3.92
3.01
12.92
7.13
1.76
11.82
10.4
1.34
10.54
2.89
13.06
10.76
13.55
4.87
1.42
0.75
3.88
4.15
12.83
8.7
6.82
14.38
4.28
9.9
8.89
9.62
14.34
1.46
6.38
8.83
7.63
7.56
10.7
10.3
7.97
0.98
14.88
14.78
7.15
3.7
14.76
12.43
8.98
3.68
5.75
6.97
9.94
9.84
8.04
2.41
1.43
7.72
10.98
8.85
9.12
9.2
14.17
14.9
5.37
9.43
8.48
5.7
10.34
9.59
13.18
12.21
0.08
14.24
9.79
2.06
6.2
3.73
3.38
9.02
2.77
7.26
9.77
2.52
14.17
11.47
13.16
7.68
13.85
8.71
7.95
3.82
12.74
5.74
11.05
5.45
0.4
12.88
3.37
0.51
1.69
9.66
2.63
10.4
14.79
1.84
3.64
8.64
2.8
8.4
9.4
7.14
9.63
6.62
0.39
10.15
10.88
8.46
8.26
0.92
9.93
10.26
10.82
11.46
7.51
6.05
1.91
11.51
0.6
14.57
1.52
0.59
3.26
2.49
11.29
8.27
11.03
1.61
10.49
12.2
12.72
3.67
3.64
3.75
10.67
8.05
8.43
3.53
8.47
10.53
9.95
12.12
3.49
11.69
6.65
9.19
13.43
6.58
9.37
13.19
0.55
3.15
14.97
12.32
2.53
11.17
2.29
6.97
4.34
9.6
10.71
14.37
6.76
6.06
8.08
10.99
8.87
4.08
5.4
8.96
8.71
10.69
5.67
12.75
4.57
0.44
11.7
8.16
5.32
4.29
3.3
5.42
7.82
4.0
11.36
14.04
0.98
12.74
12.12
9.8
13.73
9.84
11.22
4.51
9.44
3.41
6.84
6.74
13.91
0.51
12.18
2.2
11.87
5.56
6.68
8.01
11.51
12.28
4.88
11.88
13.27
4.03
12.17
8.39
8.72
0.57
7.9
0.47
12.73
0.37
13.46
8.19
13.04
5.73
2.5
7.26
10.41
13.41
14.37
0.75
8.07
13.81
4.98
2.24
1.4
11.1
5.45
1.78
6.5
9.87
12.87
12.61
14.13
8.97
14.2
4.31
6.99
3.8
14.71
1.13
10.12
3.73
3.91
1.73
7.5
8.12
2.91
4.11
11.21
11.67
5.55
2.15
9.13
10.87
11.27
14.1
8.27
12.4
14.86
1.68
5.03
12.01
3.54
1.98
9.58
4.77
8.61
14.46
11.73
0.79
4.13
7.46
1.13
14.23
4.9
13.11
2.5
7.57
0.25
13.58
4.5
3.05
4.88
3.15
5.46
11.58
12.2
3.95
0.18
8.22
14.77
11.21
4.25
8.62
0.66
8.54
4.86
14.47
1.55
14.21
8.29
1.23
3.37
2.19
12.61
14.79
0.55
2.71
12.14
2.05
8.65
12.99
6.15
10.33
7.09
10.33
6.93
0.15
9.82
12.28
5.8
5.5
9.16
0.11
4.7
7.87
8.18
8.53
2.71
7.93
8.26
3.54
11.85
4.32
12.45
13.74
6.32
6.1
13.14
1.32
5.22
4.68
5.92
12.32
6.18
10.51
9.31
9.47
1.9
1.96
3.55
11.53
8.16
14.28
7.04
12.86
7.38
0.62
9.6
11.12
5.13
3.92
5.84
2.36
3.73
5.92
10.82
2.27
10.83
11.56
7.52
2.06
10.55
13.67
12.13
10.07
4.53
10.07
9.31
14.4
11.27
7.47
5.7
4.13
11.15
2.24
8.88
9.96
8.22
12.34
5.81
12.84
9.14
8.22
14.35
3.17
12.97
9.68
9.86
6.19
14.68
1.04
1.56
4.93
7.09
10.04
6.6
11.93
10.47
13.91
12.95
3.75
14.77
7.07
7.25
13.52
13.23
2.15
3.38
4.41
3.4
12.24
7.1
2.69
0.77
14.24
2.42
13.02
4.72
12.0
4.85
0.8
3.71
1.4
0.35
2.79
14.79
4.64
9.24
1.33
13.59
14.17
1.34
14.6
11.72
14.14
6.43
3.14
7.8
0.77
13.4
11.66
9.79
12.93
5.75
11.14
11.11
5.72
0.3
5.74
3.52
4.28
6.38
4.38
2.14
4.84
13.87
1.89
4.4
