3.33
2.99
7.94
10.22
8.88
14.17
2.54
6.41
14.89
2.22
9.51
14.47
12.58
4.52
1.72
1.73
11.59
14.11
9.47
9.61
12.85
0.96
11.38
2.28
4.64
8.22
6.63
10.25
3.62
6.16
11.36
11.3
8.81
13.03
5.37
7.93
5.06
9.14
5.3
1.26
9.78
12.55
5.53
13.91
12.59
2.02
14.97
10.91
9.65
5.57
0.85
14.33
9.95
9.1
13.77
0.94
13.31
4.77
10.06
10.06
12.93
2.81
9.07
13.75
8.83
7.89
7.0
10.86
8.0
3.92
6.2
10.67
7.89
7.6
0.57
9.12
10.0
11.25
14.22
8.85
3.22
8.14
13.52
9.53
9.66
10.93
4.41
12.75
3.46
2.4
9.28
0.54
10.91
14.01
1.93
7.04
7.8
1.54
6.3
14.11
10.88
3.54
1.37
4.01
5.79
3.42
6.02
5.17
12.66
10.17
2.36
5.2
8.77
5.54
0.82
8.48
8.81
3.32
13.17
9.49
7.88
7.92
8.98
2.73
3.85
6.24
8.02
2.67
5.53
4.59
4.54
7.06
9.99
14.99
9.01
3.6
11.98
5.15
13.04
13.86
7.76
0.1
8.77
3.85
8.01
1.66
8.11
10.08
8.29
14.3
2.71
4.43
4.09
10.71
9.05
10.97
3.21
4.2
11.44
14.36
14.99
11.55
7.66
4.77
1.85
14.4
10.25
12.21
1.96
3.09
4.63
2.1
7.6
9.16
9.16
8.53
5.43
13.14
5.41
12.92
13.13
2.11
1.33
6.01
1.95
12.14
14.14
11.28
5.05
7.74
3.36
4.71
5.02
5.41
11.69
1.76
7.1
0.93
7.75
14.74
12.53
11.35
11.86
11.26
11.97
7.24
5.22
2.76
8.9
13.95
11.47
13.97
4.07
12.2
11.0
14.86
12.92
12.13
12.05
1.76
13.47
8.71
10.42
13.86
10.71
0.09
13.77
6.41
4.85
12.63
13.46
0.56
5.56
7.9
5.74
11.86
3.29
1.65
8.1
2.2
1.25
7.79
8.9
14.64
7.37
0.2
12.8
13.51
12.25
7.94
14.73
8.58
7.36
0.25
14.56
6.69
2.98
1.93
5.98
13.07
5.64
8.62
1.37
0.7
9.49
12.49
8.47
11.09
5.92
2.47
10.08
10.01
3.69
6.67
12.69
4.46
3.15
7.52
12.86
1.83
12.72
3.49
7.87
0.23
6.04
4.2
12.09
6.61
7.04
14.38
13.24
0.87
10.8
1.58
0.25
8.74
13.57
3.07
0.13
11.26
4.94
1.81
1.39
10.09
12.62
6.82
13.61
13.89
14.66
9.89
8.99
14.28
1.39
12.05
8.34
10.6
9.08
13.21
6.78
14.1
0.83
12.29
5.53
14.13
5.52
4.01
5.33
5.99
12.23
7.48
12.64
7.33
2.83
11.9
13.19
10.09
13.51
1.78
10.1
9.47
2.57
13.83
2.39
9.43
9.76
4.41
5.71
8.63
13.95
3.35
5.26
13.16
12.24
1.08
10.68
11.99
5.97
4.43
3.45
2.97
3.5
0.26
0.71
5.51
0.21
12.91
11.86
12.08
12.76
4.41
12.74
14.84
1.82
5.75
14.35
9.39
12.25
1.73
10.96
11.85
1.59
8.27
11.89
14.69
3.61
8.61
12.18
7.27
7.64
11.62
7.02
14.34
10.34
5.37
14.98
14.59
3.9
12.44
14.65
5.53
9.1
12.51
10.32
6.2
14.75
10.19
5.59
14.07
14.55
3.23
9.96
3.18
4.19
4.59
2.41
0.86
4.39
11.99
2.91
9.42
3.98
13.86
10.75
8.65
8.05
7.0
6.07
14.29
13.16
2.79
13.51
10.75
3.42
5.27
10.94
9.95
3.19
0.08
4.72
0.69
2.34
7.61
11.83
13.89
9.27
3.94
13.91
13.81
8.14
6.58
13.73
11.97
5.8
10.92
7.08
12.45
12.64
11.17
3.57
1.76
5.54
5.8
8.35
13.42
12.16
1.21
7.01
7.01
3.52
4.61
11.13
12.06
0.84
4.84
1.58
0.48
13.4
1.45
10.86
6.33
2.24
2.93
4.49
1.58
4.78
11.37
2.75
9.45
3.87
7.22
3.79
6.11
8.74
9.42
7.49
6.69
5.19
5.51
6.75
12.8
11.42
8.14
2.87
12.24
2.4
4.38
14.48
4.86
5.34
12.16
13.95
14.35
2.51
5.78
12.96
13.7
12.5
1.07
4.61
4.4
6.15
0.83
12.33
3.96
7.03
1.26
1.86
6.23
5.76
14.99
12.59
8.25
11.11
14.44
6.41
6.13
8.73
0.98
8.29
6.71
13.38
6.07
0.86
0.29
1.67
14.6
2.51
7.78
5.68
4.55
2.68
8.46
3.6
12.92
6.65
7.57
11.02
7.75
14.47
2.1
5.05
4.16
4.12
2.03
13.47
4.05
0.84
0.33
0.66
4.44
5.31
11.81
10.76
12.22
2.17
0.33
3.82
1.38
14.54
10.35
4.91
7.98
11.48
13.64
1.09
3.6
9.74
5.79
14.88
6.5
7.62
10.36
2.38
11.94
10.04
3.03
12.87
6.47
5.08
6.17
11.42
11.25
3.49
9.52
0.58
6.89
11.51
5.81
5.66
9.36
2.0
3.38
0.6
4.45
4.42
12.95
3.86
11.52
11.31
6.62
3.94
5.6
12.81
8.34
6.53
0.95
7.71
12.34
3.93
4.5
9.78
12.66
6.69
3.98
5.0
12.19
0.16
6.62
6.3
2.14
12.79
12.9
7.22
12.66
6.6
9.07
9.01
5.07
13.15
0.18
2.27
7.49
14.27
5.5
13.31
8.84
6.91
0.64
2.26
5.5
13.08
10.22
11.43
7.39
10.0
12.63
6.01
12.46
8.28
8.69
1.11
4.78
1.94
7.5
8.35
0.91
3.04
0.85
3.54
1.03
6.16
6.78
10.23
0.27
1.76
13.39
7.65
5.7
6.59
3.42
7.64
3.81
1.79
9.18
14.54
4.38
10.11
14.62
12.45
12.18
10.75
4.69
6.22
12.56
0.95
8.23
3.32
1.07
10.94
10.47
10.55
8.0
1.9
13.55
12.57
1.63
6.54
3.03
6.08
3.45
11.64
10.21
1.17
0.86
12.17
8.37
3.85
8.53
7.76
8.2
7.37
0.28
2.32
4.89
5.11
9.99
2.85
14.16
13.9
0.69
7.35
12.08
14.42
2.52
4.77
13.86
3.04
12.41
9.54
8.34
14.35
6.86
9.1
6.95
1.87
8.36
3.33
12.38
12.51
7.96
7.08
9.67
4.0
10.42
2.52
12.83
10.3
11.46
2.48
5.87
8.01
7.37
11.19
3.65
12.46
12.87
14.52
12.03
6.55
2.19
14.02
6.48
0.68
9.95
6.55
4.17
7.4
10.62
6.34
14.7
1.9
12.74
0.55
11.33
6.08
8.05
3.07
4.71
1.01
8.79
11.89
3.89
6.24
9.21
6.52
6.01
9.08
0.78
2.05
5.25
1.68
7.87
9.4
1.97
2.33
6.31
1.3
1.06
2.13
5.57
10.56
4.84
11.87
10.56
0.77
12.67
1.02
0.47
3.56
1.01
8.81
6.57
9.14
5.21
2.61
6.95
12.98
6.46
12.6
10.64
8.29
7.42
2.49
13.75
14.25
14.17
5.48
6.86
5.75
9.32
4.93
2.59
10.54
14.69
11.68
10.6
5.78
6.51
9.85
7.74
4.15
11.86
0.73
5.14
14.61
4.97
8.65
12.59
12.1
2.76
7.41
0.36
1.93
10.53
12.53
12.01
1.57
11.43
6.98
9.72
5.86
11.97
13.3
12.55
14.34
1.52
3.8
4.26
12.42
11.28
8.67
7.03
7.16
11.64
12.11
12.64
5.83
11.62
0.69
13.54
9.81
11.96
2.02
0.88
13.25
1.22
5.25
12.49
10.53
2.37
12.88
3.48
3.98
12.13
6.6
14.88
9.68
5.13
4.89
7.93
3.55
13.16
11.42
3.69
10.96
6.55
13.18
11.46
14.29
2.11
11.73
0.69
3.09
9.6
14.53
14.7
0.19
14.35
5.13
7.81
8.02
2.44
8.66
10.29
11.09
12.57
7.38
10.79
2.73
6.68
9.12
13.5
0.99
2.67
8.17
3.8
11.85
2.74
2.93
2.44
14.24
5.88
8.71
3.23
2.11
3.07
3.76
11.09
7.63
10.05
9.47
1.38
9.98
8.01
12.53
7.14
8.49
11.12
1.84
5.78
3.8
12.07
6.77
12.92
1.49
10.84
7.04
9.51
7.68
14.42
3.42
0.95
14.78
5.97
1.54
13.74
6.29
8.4
3.14
14.12
6.36
2.07
10.4
7.03
12.23
1.25
0.72
0.11
2.34
12.91
9.09
4.28
0.07
13.27
9.79
11.56
13.55
8.04
13.56
4.43
10.57
14.56
10.97
9.04
13.75
6.3
12.63
3.76
2.25
13.08
12.34
11.59
1.34
0.9
5.85
11.93
0.72
11.43
4.66
7.12
6.47
14.17
11.62
8.17
14.36
0.6
3.05
7.61
14.92
10.49
12.68
3.0
2.68
3.95
2.63
3.28
9.75
2.59
13.31
2.76
12.64
6.13
11.12
14.97
10.15
14.23
2.59
0.08
3.67
10.0
1.97
6.69
0.76
14.4
5.95
5.88
14.16
11.95
7.39
11.37
10.92
11.08
3.73
4.09
2.64
7.26
9.97
5.14
0.38
11.96
1.46
11.47
12.62
9.0
13.66
13.53
3.59
9.62
2.52
10.24
10.16
3.15
5.81
12.57
8.41
1.37
0.97
6.72
8.8
7.25
0.2
13.15
0.67
8.83
7.74
5.83
14.31
11.53
9.06
7.88
4.46
0.17
2.97
5.09
11.41
14.93
8.04
12.61
10.88
14.23
11.93
3.09
10.26
7.37
11.47
10.54
2.09
13.3
4.48
6.35
12.45
5.69
13.05
1.12
5.22
12.11
10.03
6.75
8.73
6.42
14.91
6.73
7.21
12.91
7.44
10.09
1.14
5.55
1.59
5.75
12.26
7.38
10.46
11.66
3.5
8.39
13.66
0.03
11.62
4.83
13.84
5.76
2.81
2.51
0.21
9.44
2.51
8.41
2.31
6.99
7.23
0.92
2.62
11.05
11.99
10.54
14.2
10.9
8.37
14.61
3.91
14.47
14.43
1.58
4.7
11.23
7.06
6.86
12.23
5.81
