0.07
4.65
9.95
3.26
10.64
14.38
14.01
3.87
7.06
6.15
10.11
0.95
3.6
1.38
4.65
1.29
1.65
11.78
5.61
13.07
1.13
6.0
8.87
2.43
6.72
9.26
9.7
4.69
3.54
10.03
3.5
11.68
13.01
14.08
3.73
7.78
0.2
11.44
9.32
2.99
0.04
7.08
9.9
6.24
14.66
2.44
1.82
4.37
2.61
8.4
6.09
8.74
14.02
1.15
2.75
3.16
11.76
5.03
1.0
10.84
7.88
13.91
7.21
10.81
5.48
12.21
9.75
11.88
6.89
10.74
10.37
1.65
11.81
4.69
3.23
5.66
13.2
10.44
6.91
8.58
2.25
2.2
0.21
10.87
6.54
1.11
2.61
9.13
9.61
4.85
7.42
9.44
10.69
8.07
6.09
0.65
12.51
11.4
3.86
6.92
14.28
2.87
6.19
7.03
0.09
9.61
4.8
0.48
1.72
10.87
3.7
2.82
8.63
10.17
9.06
5.24
13.28
11.15
12.22
14.63
1.59
1.71
0.02
6.15
14.99
13.52
4.1
7.02
12.29
1.56
3.55
3.42
7.1
12.22
3.17
14.02
0.83
0.97
0.25
2.48
12.35
3.6
12.09
13.02
2.08
2.72
0.54
11.51
13.29
6.17
5.25
4.09
0.68
5.48
9.39
12.18
12.21
6.44
3.45
3.43
0.22
2.17
13.93
10.01
6.99
5.19
4.98
10.38
14.14
14.67
0.35
4.75
14.74
6.79
14.42
10.95
14.63
3.81
8.1
7.88
2.32
1.21
8.6
2.74
3.58
10.39
9.41
4.03
9.78
0.44
9.93
11.22
10.77
4.85
13.0
6.65
6.8
6.87
12.85
8.63
3.77
1.41
1.92
7.16
6.46
9.38
10.53
6.75
14.14
12.74
0.36
0.28
6.79
8.58
13.32
3.76
9.98
11.69
3.35
7.76
8.85
11.97
5.64
12.25
12.95
13.8
10.89
13.05
8.14
9.48
1.46
4.23
3.72
5.22
11.41
0.31
8.68
11.54
12.74
14.19
14.53
11.56
2.96
9.68
11.56
11.15
12.27
10.93
2.46
0.27
1.74
14.0
0.45
0.99
9.49
0.11
2.96
5.19
8.84
9.64
2.3
14.93
2.29
9.98
11.85
11.9
0.7
7.74
11.99
0.18
2.84
8.78
2.03
0.01
0.02
7.58
3.01
3.55
9.7
6.62
0.66
13.47
5.96
0.62
12.37
10.95
6.61
5.48
0.5
7.58
13.31
9.61
8.35
3.89
1.4
6.29
9.36
4.19
8.73
0.74
6.72
1.99
10.02
10.19
7.51
2.41
8.06
5.07
10.67
5.49
9.81
7.04
1.77
9.59
5.45
4.7
10.81
10.39
13.99
14.35
1.28
4.42
9.27
13.41
1.58
11.19
11.03
4.74
8.23
6.21
13.74
0.83
10.92
1.17
12.63
5.33
7.85
7.96
9.44
6.8
12.28
11.56
13.5
12.31
1.98
14.58
1.3
13.09
1.23
2.25
10.21
4.03
1.06
8.72
2.26
0.59
5.84
12.35
9.06
8.16
14.56
2.64
11.58
8.28
6.82
5.86
3.74
14.36
12.8
14.4
9.26
13.78
12.23
6.84
14.95
13.21
6.63
4.07
10.8
5.09
2.25
7.46
5.87
13.11
4.46
12.93
8.38
2.52
2.27
3.34
8.24
1.17
0.63
2.52
9.14
1.88
7.85
10.75
6.31
11.95
6.03
11.44
6.17
0.47
1.91
14.55
12.19
3.56
3.81
2.24
6.11
6.97
4.31
8.28
5.74
7.83
10.89
10.46
14.7
8.14
4.11
4.9
9.38
7.11
9.76
2.34
10.38
14.41
14.59
0.55
10.7
1.14
9.31
5.73
2.41
0.18
13.4
11.91
12.31
1.19
10.81
4.77
14.57
6.73
11.15
13.16
14.84
12.75
0.4
11.76
1.7
5.03
11.73
10.91
4.07
11.89
0.77
14.06
4.57
7.67
13.57
6.99
10.28
6.47
11.53
11.37
9.23
5.47
14.67
6.47
8.76
2.79
12.34
10.02
2.55
8.91
4.53
10.32
2.86
3.05
5.92
9.57
7.45
11.86
0.77
4.99
7.34
2.27
3.26
7.23
7.08
13.43
10.2
14.6
14.78
6.44
1.08
13.68
9.74
1.47
11.05
14.1
8.92
1.3
10.1
0.03
7.69
2.83
6.36
8.26
8.62
7.71
11.67
6.75
13.85
3.33
8.6
10.78
3.4
8.18
5.49
10.53
1.73
2.58
6.29
5.95
12.09
12.19
3.2
13.61
5.66
12.99
5.23
2.47
1.98
13.95
12.42
14.0
11.63
2.33
4.62
14.17
7.9
11.97
1.22
14.02
11.06
0.18
14.62
4.46
7.03
3.76
9.31
4.1
0.22
10.8
5.03
3.06
2.53
4.37
13.01
2.65
1.29
7.37
9.58
4.13
6.58
7.74
4.77
4.64
5.08
1.33
14.98
9.25
5.23
4.74
7.59
9.14
9.39
0.31
10.29
7.09
6.9
4.5
2.66
9.9
12.19
6.71
13.01
7.91
5.87
10.06
9.53
1.66
8.28
7.01
12.94
9.76
3.55
14.35
8.19
13.36
10.39
4.02
1.84
2.05
5.1
12.84
11.28
13.91
10.87
2.51
0.66
14.74
1.04
11.01
10.83
13.94
2.26
5.08
8.6
3.46
3.34
1.81
2.33
9.15
11.89
0.93
9.44
11.62
1.0
2.78
10.29
12.59
1.7
1.25
3.14
13.89
0.53
7.02
1.19
3.75
7.24
10.83
4.48
13.35
5.36
9.45
11.12
12.35
0.35
5.15
4.72
8.75
1.48
6.75
11.71
7.59
4.19
6.32
7.11
7.15
5.8
1.1
14.26
5.33
0.56
11.89
11.69
9.07
5.76
9.0
10.84
12.49
13.66
3.59
13.93
0.64
9.76
1.27
2.32
0.38
3.48
4.71
1.66
4.44
4.73
2.48
14.35
12.87
0.08
5.81
6.56
0.62
13.37
9.96
6.48
0.86
14.32
5.89
5.36
7.97
4.02
9.91
10.96
12.73
3.17
6.36
0.59
1.75
2.57
13.16
14.56
4.08
3.19
1.04
5.19
6.24
2.35
8.68
3.5
13.75
1.2
7.14
8.78
14.25
9.34
0.57
6.44
2.03
11.71
5.92
7.46
6.54
4.91
11.66
11.27
10.38
10.95
10.51
14.04
7.55
4.28
14.6
0.01
7.28
5.3
3.23
14.97
6.06
11.79
1.08
14.62
13.34
1.27
9.0
11.88
9.74
4.49
12.17
3.03
4.48
0.26
1.88
7.67
12.93
7.49
10.8
12.17
12.2
7.29
6.85
7.54
9.03
4.81
10.64
11.28
13.86
2.69
11.97
9.81
3.41
14.43
9.73
0.19
3.4
10.74
0.73
3.21
6.71
3.44
7.64
7.31
8.51
3.38
3.42
3.46
10.17
12.44
7.52
9.67
11.42
9.39
8.89
7.9
2.29
4.85
0.65
2.09
6.81
10.21
8.28
5.05
10.31
14.65
9.24
11.67
10.49
4.38
10.42
3.45
2.68
1.26
1.74
13.1
2.56
3.66
12.96
14.13
3.93
13.91
6.29
5.98
13.27
1.69
6.38
9.13
0.85
10.96
6.04
5.97
9.86
7.63
7.33
7.3
10.95
7.22
12.13
6.57
1.3
11.93
4.02
8.32
5.69
3.32
14.46
5.01
3.41
0.73
4.52
11.48
1.9
5.67
5.19
0.63
2.2
12.53
13.7
10.01
1.25
0.98
10.11
7.99
2.03
0.94
0.52
11.43
14.51
10.15
6.09
11.21
12.2
0.03
6.41
11.29
12.65
10.95
1.69
8.59
6.95
7.34
0.92
9.02
5.59
3.16
5.52
11.15
11.36
6.22
5.07
3.08
10.49
7.21
0.89
2.49
12.31
7.85
14.18
5.83
4.15
8.05
3.36
4.1
3.67
11.59
5.05
1.9
3.07
13.84
12.77
0.22
3.4
0.26
6.86
11.46
8.36
11.15
2.09
6.42
0.36
6.62
5.2
2.82
14.34
5.26
10.69
10.36
3.07
0.34
9.84
10.64
9.8
14.86
8.56
0.26
14.76
7.17
9.76
6.94
5.98
3.06
3.91
0.19
7.72
2.78
11.86
14.8
3.06
11.53
2.35
11.4
0.26
7.89
9.5
12.88
4.03
0.46
7.62
4.72
14.52
1.91
0.69
10.46
4.9
5.03
12.55
14.35
0.58
0.41
5.87
4.05
0.19
10.03
6.87
13.66
1.45
13.96
2.31
11.7
5.27
13.82
11.16
2.28
1.85
9.87
5.63
7.09
0.57
2.31
2.44
14.38
0.02
9.74
9.08
5.05
11.2
0.16
5.74
9.94
1.86
13.57
7.76
1.37
14.61
3.9
2.51
5.69
12.97
13.03
9.79
7.13
6.21
9.38
6.94
6.09
12.75
5.95
8.02
9.63
7.09
13.28
14.05
3.98
6.75
12.83
4.82
14.94
10.31
14.78
10.95
10.2
3.45
8.61
0.66
13.81
6.94
10.3
10.78
12.55
2.6
9.5
2.89
7.46
3.99
5.86
13.05
14.87
4.35
8.72
1.56
6.86
0.33
3.17
8.14
9.0
5.39
1.67
3.65
10.9
12.58
5.44
5.2
13.36
1.75
10.29
2.43
14.32
5.17
13.46
9.1
11.57
13.48
13.4
10.87
5.71
1.93
14.11
8.92
13.31
3.49
10.35
0.02
4.31
1.62
3.46
7.56
3.96
3.26
8.37
4.59
0.43
9.97
5.51
11.47
13.74
11.36
10.85
5.13
4.69
6.91
1.0
7.83
11.46
8.21
6.4
7.8
4.45
1.12
9.25
12.63
0.99
3.62
14.66
0.7
3.81
6.16
13.22
0.03
13.43
11.32
4.28
10.39
8.24
5.95
6.41
3.84
10.24
4.34
9.73
1.76
4.47
3.67
0.28
13.26
6.52
1.4
5.79
3.91
1.87
0.16
3.4
14.8
6.45
14.11
12.49
6.16
2.17
10.78
10.73
12.8
9.6
11.02
6.7
14.4
4.32
7.6
7.88
6.92
14.83
8.12
1.76
5.35
13.71
12.77
13.96
5.69
3.99
7.16
12.62
2.76
12.11
2.74
9.73
7.62
11.27
11.48
12.66
7.96
4.04
12.81
1.8
1.72
11.64
9.19
7.46
0.38
2.18
2.51
10.87
1.34
