2.89
4.23
1.44
4.36
11.39
0.52
7.5
5.49
11.08
11.44
12.29
3.12
8.36
9.37
13.94
0.17
7.63
3.36
4.48
9.42
5.67
8.34
2.37
9.47
12.12
8.12
14.37
10.99
4.77
13.89
0.75
11.42
4.62
13.33
4.74
5.63
6.51
3.94
8.84
5.08
9.14
12.19
5.46
8.79
1.51
8.08
5.32
9.07
14.07
7.66
3.82
6.14
5.14
5.54
13.12
3.7
9.77
6.92
6.72
13.46
13.19
12.67
11.65
5.62
1.86
8.16
2.28
9.5
14.23
4.64
2.36
2.71
5.38
10.62
10.04
7.84
9.61
4.12
0.08
5.18
0.47
12.2
10.6
5.18
4.74
3.3
13.75
9.46
2.53
14.69
13.98
11.71
7.21
3.11
3.35
7.11
9.17
7.27
3.72
11.21
1.31
5.02
0.73
4.1
9.69
13.29
5.65
11.34
9.0
14.91
8.13
10.61
12.71
14.6
3.15
0.27
9.27
12.69
13.24
11.84
14.68
8.38
10.31
6.68
8.93
5.18
2.39
10.99
2.16
6.12
9.12
7.83
2.94
4.69
14.12
9.46
7.17
1.54
13.24
0.5
10.14
9.9
13.39
11.05
2.35
3.6
3.76
0.1
0.04
1.96
10.16
4.71
4.19
12.93
1.1
11.71
2.03
1.34
14.55
2.59
9.29
10.59
3.18
7.33
7.3
8.93
12.78
6.49
7.46
8.78
6.2
0.39
10.24
10.29
7.26
6.04
9.38
8.78
2.29
8.91
1.87
9.03
11.52
14.09
11.29
0.53
6.31
7.82
6.72
7.1
13.7
8.49
7.24
0.07
2.35
4.79
13.59
5.59
4.41
3.08
6.69
2.64
2.57
11.15
12.08
14.85
4.1
1.81
10.97
0.67
10.76
6.74
11.28
10.87
1.17
7.74
12.19
1.42
13.87
13.03
12.83
11.4
7.31
7.48
10.59
7.97
9.69
14.43
10.09
4.1
0.26
9.35
4.09
9.6
14.86
2.82
6.61
11.21
10.54
1.28
12.15
8.68
3.25
3.77
1.49
13.12
4.01
7.82
12.0
10.47
13.43
3.67
12.95
11.65
12.48
1.41
9.02
7.21
11.36
13.34
11.37
7.95
10.89
11.4
9.02
11.55
2.14
0.98
6.98
0.15
6.65
7.55
12.39
0.31
4.59
0.7
6.72
12.42
11.78
4.33
12.5
7.08
13.81
1.1
13.97
9.65
8.97
9.86
11.03
6.58
10.61
5.84
11.91
12.0
7.43
5.48
2.77
8.79
7.07
14.94
3.61
4.31
10.57
4.2
5.45
8.89
10.79
5.77
3.08
6.58
7.88
5.88
4.12
0.22
8.92
14.94
6.86
6.43
5.71
5.41
8.06
12.26
11.11
14.16
5.75
6.92
9.17
4.54
3.6
13.35
7.34
10.94
3.98
1.82
3.71
6.32
7.94
4.14
5.15
2.48
1.15
12.08
0.3
10.14
12.54
2.14
14.15
5.67
9.54
0.94
10.88
8.15
12.95
0.76
13.17
2.27
10.62
1.29
10.03
14.28
11.28
0.91
11.5
6.47
12.46
13.28
8.19
5.48
8.28
7.47
0.43
3.6
7.62
3.28
13.46
8.69
13.83
1.29
11.35
3.23
12.8
10.23
11.88
1.84
8.9
13.49
10.6
2.85
13.53
3.4
13.47
13.22
7.99
2.79
13.43
4.33
12.06
10.93
11.48
12.13
8.78
9.97
3.87
12.64
14.13
13.84
2.95
7.35
2.65
14.91
2.2
9.16
4.84
1.34
12.9
10.59
13.13
13.18
3.0
1.75
6.82
10.18
2.19
5.83
0.52
10.25
5.29
4.17
10.85
14.49
5.98
3.04
0.86
2.61
1.05
1.87
12.75
14.84
4.66
12.73
12.08
1.81
1.6
9.67
6.01
5.74
0.33
1.8
7.06
12.23
6.92
9.12
4.81
12.22
11.75
4.1
0.66
1.62
4.96
3.94
4.42
0.38
10.84
8.22
1.61
1.95
2.27
12.93
14.5
10.45
8.72
7.83
11.91
12.1
0.95
3.28
9.7
2.57
1.13
0.74
7.59
7.99
9.48
10.77
1.94
0.43
5.97
3.97
9.6
12.73
12.6
10.8
12.26
12.8
11.01
1.05
0.76
6.83
14.15
10.86
0.36
8.18
8.46
2.8
7.48
7.33
11.11
10.98
9.76
8.31
12.97
12.09
11.9
6.35
1.41
4.11
11.32
13.04
8.75
3.09
8.67
12.37
8.15
2.72
12.42
4.63
12.1
8.89
2.85
1.01
0.73
1.02
7.77
4.66
14.76
5.08
5.93
14.76
6.04
2.28
7.26
10.8
8.21
2.84
11.44
10.59
10.3
1.74
9.78
10.97
14.04
8.09
11.33
6.53
13.8
3.46
10.0
13.94
7.36
5.73
8.48
10.61
11.35
5.66
7.58
6.2
4.57
2.43
13.41
4.81
9.25
4.55
14.81
8.86
9.09
2.73
13.51
12.31
6.87
1.02
13.58
1.97
0.43
13.38
14.86
11.31
10.84
12.07
12.92
12.71
5.44
4.66
14.32
11.03
7.52
12.93
2.27
4.74
1.82
0.57
8.45
0.98
1.56
9.39
10.03
13.94
3.17
0.37
14.86
0.76
12.33
5.26
13.88
13.64
12.49
4.63
8.69
5.94
5.3
9.21
12.95
3.22
14.07
14.52
2.36
1.57
5.18
8.07
8.66
4.64
13.4
3.34
0.2
3.52
8.75
14.89
12.47
9.13
3.34
0.71
2.46
6.2
11.97
9.1
6.31
5.16
12.76
9.41
2.47
11.4
12.25
14.37
11.38
7.22
5.1
10.35
9.84
0.7
7.64
12.98
13.34
14.12
0.69
0.0
9.93
0.03
5.45
6.34
8.92
5.36
4.79
11.0
9.72
12.56
4.69
9.34
13.84
14.52
7.76
7.41
0.97
13.27
13.22
14.49
8.73
0.62
0.2
5.66
1.58
8.24
7.57
5.87
3.89
12.59
4.87
1.38
8.61
12.23
7.24
6.24
8.37
7.41
1.59
4.75
2.3
3.26
11.99
14.73
1.61
2.69
0.76
12.09
2.09
2.08
5.27
13.45
12.97
7.63
12.9
2.28
1.34
4.69
6.68
2.57
9.82
10.03
1.89
4.53
0.88
10.43
4.11
0.32
6.62
4.97
1.19
2.49
2.55
4.41
0.47
7.19
12.92
6.13
7.42
6.51
14.27
13.06
13.93
10.07
7.37
5.0
11.59
13.62
10.23
4.97
9.6
9.03
9.41
3.71
4.09
13.76
6.61
7.29
6.67
12.07
6.89
13.97
12.97
6.17
6.4
0.04
10.35
4.43
10.87
4.11
0.52
2.49
0.82
3.07
10.47
10.29
6.04
10.01
13.57
14.7
14.47
8.83
3.1
3.87
12.05
11.04
11.77
1.03
1.71
10.72
0.08
0.06
2.87
9.7
4.92
6.14
14.65
12.49
12.1
5.05
2.43
7.3
13.13
11.13
5.8
12.65
11.59
8.54
13.01
5.17
10.88
0.88
8.05
11.2
12.31
7.9
1.31
3.0
11.02
3.08
13.28
5.27
13.34
7.08
12.91
0.94
14.71
11.86
1.93
7.65
3.72
8.96
7.54
2.74
5.08
6.7
9.59
10.15
7.12
10.87
13.69
14.2
3.65
12.91
11.43
4.44
11.04
9.84
3.82
13.71
2.59
11.77
9.02
10.51
3.14
7.18
9.73
1.03
9.67
14.08
10.14
10.74
9.75
10.88
4.44
0.14
0.82
4.75
7.74
3.28
5.14
10.14
6.32
4.16
11.36
2.59
7.0
10.03
11.22
9.16
3.68
3.49
11.07
10.74
1.68
9.37
9.25
2.15
9.84
9.77
8.83
0.0
7.62
11.15
1.62
8.09
11.53
1.74
14.02
14.64
1.88
11.24
2.66
14.0
7.18
11.56
1.11
13.95
1.91
0.49
14.18
5.6
9.18
8.07
1.32
3.16
4.75
8.45
10.68
3.56
0.07
4.95
6.09
3.9
12.66
8.5
6.91
7.67
10.74
12.15
1.93
2.59
12.39
10.0
1.26
3.7
2.77
2.81
8.5
11.85
3.21
2.16
2.67
7.1
12.84
1.17
1.08
5.05
9.42
3.31
8.95
14.05
5.23
6.31
2.78
0.51
2.08
7.97
0.56
11.6
2.29
10.78
13.83
9.58
0.87
6.99
12.22
13.93
13.85
12.64
11.27
7.89
14.16
5.28
1.49
9.5
8.0
11.1
7.5
9.44
8.22
1.34
6.1
4.78
7.74
13.17
11.56
8.39
12.78
14.29
6.88
10.07
11.01
4.62
6.32
13.91
9.85
14.53
5.49
7.4
7.32
8.68
2.01
6.43
5.09
3.28
10.6
9.24
14.28
3.51
9.37
2.77
13.45
0.81
12.6
13.18
4.98
8.03
5.34
10.74
9.06
4.94
3.03
11.99
12.06
4.21
7.23
10.5
12.08
4.35
11.73
0.77
5.93
0.35
14.37
4.61
5.75
2.25
9.86
10.88
12.65
13.8
3.83
7.0
10.54
0.7
1.08
13.2
5.05
13.88
10.66
4.18
7.71
8.55
2.43
10.34
2.21
14.78
6.08
0.94
0.06
5.46
1.14
6.31
13.7
0.78
13.7
2.34
14.76
5.33
9.74
2.58
2.76
2.37
1.39
2.13
4.82
5.78
13.67
14.35
9.12
13.39
12.85
13.1
9.46
10.36
5.08
5.5
1.45
13.56
2.7
12.19
6.53
14.66
8.0
10.21
4.96
9.38
11.32
1.55
1.08
2.38
13.36
12.26
12.61
12.96
1.55
0.01
0.84
10.15
11.36
4.87
0.96
1.69
4.6
12.48
3.22
14.94
3.87
8.3
12.89
11.76
13.27
7.34
4.36
11.09
10.21
9.84
9.39
13.23
8.21
0.04
9.6
14.53
5.8
1.87
8.47
1.97
12.66
10.83
5.06
5.54
13.11
7.96
0.9
4.23
10.9
3.96
3.41
13.0
4.31
3.86
14.98
0.18
1.08
12.76
5.75
9.11
4.42
5.54
1.81
1.38
7.15
14.68
0.06
9.34
9.93
0.84
10.37
0.46
11.81
7.91
0.96
0.67
7.69
10.03
7.34
11.72
1.71
7.34
3.63
10.01
11.1
8.01
11.56
3.86
10.42
3.05
1.26
8.94
10.57
13.74
12.11
3.7
3.68
10.0
