3.86
1.43
14.8
1.27
13.81
9.48
9.48
4.72
7.27
8.12
7.22
2.28
12.37
7.19
8.57
2.41
10.94
3.4
6.75
13.25
3.65
2.6
12.87
9.95
9.26
12.91
2.72
6.12
6.65
10.58
2.82
13.08
3.1
6.42
11.54
3.77
8.82
5.68
7.12
12.36
11.02
11.03
12.4
9.47
3.9
13.12
13.39
12.68
0.47
9.18
7.44
6.27
5.07
1.59
9.57
14.23
13.92
8.87
9.71
1.55
11.46
1.96
7.51
2.46
1.22
8.03
10.74
14.97
12.49
9.95
12.18
13.03
7.91
7.29
10.98
5.4
2.72
12.25
12.1
3.64
14.55
5.64
2.77
7.3
6.51
0.75
3.83
12.05
1.0
8.5
7.05
2.69
1.94
2.97
8.35
2.27
4.01
12.79
14.99
0.19
14.38
8.88
10.41
13.22
7.14
1.42
14.45
2.09
5.44
9.09
2.68
4.45
12.34
6.23
13.63
7.72
2.75
7.72
7.48
14.5
9.45
4.79
5.85
2.87
4.23
6.75
12.64
1.18
5.0
5.83
7.31
4.32
4.8
13.58
12.14
4.86
6.3
11.63
10.59
1.73
13.11
4.78
8.46
8.93
7.57
14.93
8.83
3.43
6.0
13.83
10.0
12.96
8.61
6.73
7.14
7.31
10.67
1.91
8.27
11.73
14.77
2.17
5.41
13.23
14.72
1.48
13.94
1.55
5.53
3.51
4.9
5.66
5.97
6.09
6.36
6.58
8.57
1.05
8.98
0.65
10.19
4.34
5.88
10.66
3.6
11.51
11.09
3.2
1.04
10.16
7.18
2.72
0.53
9.68
0.41
5.33
13.56
2.39
5.37
2.36
0.66
12.12
2.78
6.91
12.04
14.92
7.85
11.92
10.77
0.28
6.57
14.03
2.4
0.84
11.13
0.63
4.6
6.3
8.57
6.59
12.06
4.29
4.02
6.47
9.67
6.08
4.99
11.71
12.65
4.43
9.36
10.39
4.78
13.07
7.31
8.87
5.92
3.85
11.57
7.04
2.05
10.95
4.85
9.87
0.85
5.87
7.5
4.43
14.3
13.42
11.4
5.23
6.95
14.33
4.25
1.67
13.47
1.34
1.04
4.71
12.65
3.0
5.58
3.27
0.72
8.64
8.08
11.81
11.04
3.11
3.29
12.11
6.92
3.5
3.32
6.39
5.78
9.99
1.46
10.64
13.31
3.31
14.47
6.36
1.1
4.61
12.0
7.28
3.88
6.99
11.88
7.83
7.34
14.91
13.76
12.84
7.99
5.9
7.21
3.01
12.49
4.33
0.91
7.67
5.75
0.51
1.77
4.75
8.1
2.16
9.29
3.06
3.07
12.42
2.67
0.55
2.64
7.47
9.92
0.47
2.74
11.68
10.21
1.12
6.02
4.59
10.33
14.17
0.82
1.46
12.2
8.02
7.48
11.06
0.09
8.88
13.66
9.81
10.11
5.68
12.76
2.9
4.56
12.34
3.06
10.35
13.6
14.61
0.16
13.28
13.81
7.87
6.67
14.95
4.48
3.47
1.8
5.03
0.74
5.37
8.29
10.46
4.99
10.56
11.54
5.67
4.82
10.75
13.19
0.53
13.98
6.17
9.13
0.36
5.47
5.18
14.73
1.7
10.53
12.26
5.75
3.68
12.18
7.44
6.35
5.63
13.49
11.29
7.22
2.39
7.53
4.64
8.49
2.83
0.62
3.65
9.57
1.74
10.19
3.47
10.6
3.99
12.06
1.68
5.47
3.94
12.89
11.05
10.53
13.62
10.83
4.84
10.22
13.65
1.92
12.53
2.93
3.74
4.33
5.78
13.03
14.73
7.36
2.41
6.11
0.53
6.96
9.86
3.16
12.86
13.29
5.88
8.64
13.89
2.33
10.69
14.28
1.0
4.96
4.6
14.1
10.01
5.1
13.35
7.63
1.48
9.49
7.4
0.87
5.0
12.84
14.32
1.88
8.68
3.66
8.38
1.5
10.72
2.21
4.38
14.09
8.21
5.35
8.29
0.6
10.83
4.54
12.2
0.15
3.45
11.15
9.34
2.06
9.36
4.47
8.83
8.38
5.17
5.3
6.64
12.76
13.69
1.23
3.31
4.42
9.98
12.07
12.39
0.79
6.39
9.71
8.84
5.68
4.9
1.1
12.76
1.25
10.0
4.16
7.98
7.72
7.83
2.06
2.48
0.95
5.97
2.15
5.29
11.61
13.36
0.17
0.14
6.95
8.83
11.18
10.58
5.86
3.54
0.44
11.13
8.56
2.53
10.34
14.14
11.34
0.64
10.27
12.84
13.56
7.43
6.11
12.4
9.6
8.63
14.12
1.71
7.11
6.5
13.27
9.07
8.55
5.95
12.83
8.46
1.89
12.04
7.54
10.7
9.75
3.68
6.6
13.59
0.55
6.14
1.15
3.76
14.56
8.89
2.79
6.72
1.59
7.1
7.54
9.44
14.34
13.31
11.58
4.87
5.05
6.64
5.19
2.47
8.69
14.2
9.34
12.27
13.22
10.89
6.21
11.36
4.59
9.1
7.94
12.6
5.61
12.06
7.52
0.93
14.37
7.35
0.81
14.71
2.1
13.71
8.46
3.92
0.39
0.17
7.25
1.91
1.3
7.89
3.68
8.42
6.34
1.84
4.98
12.24
12.49
5.89
12.34
2.37
5.8
12.23
13.07
7.31
12.68
13.22
10.56
5.81
9.19
2.25
1.38
4.04
7.38
8.72
5.23
10.16
5.96
11.06
3.71
12.34
12.38
12.89
6.36
8.07
12.64
13.4
8.41
9.11
5.32
4.35
10.68
9.6
9.54
9.58
13.42
0.7
5.47
10.09
7.14
9.51
13.8
6.52
3.28
8.88
13.9
5.52
11.2
0.04
14.57
5.9
9.27
0.14
5.37
2.24
13.57
13.14
11.94
5.13
11.52
3.0
4.5
9.52
10.37
13.06
14.61
1.12
8.18
5.22
6.37
6.52
11.08
14.35
9.63
9.4
13.88
6.06
8.58
14.76
2.16
2.75
11.96
2.71
7.5
7.17
11.57
10.31
9.35
0.98
6.98
7.17
3.29
14.2
2.29
12.78
10.57
7.56
7.58
4.76
2.92
9.48
14.8
4.36
14.51
13.63
0.81
1.75
7.23
9.51
14.47
14.76
0.26
10.04
11.6
4.61
5.96
4.76
12.85
8.92
10.31
6.91
14.21
3.5
5.85
8.66
9.88
11.32
3.31
13.11
13.38
9.03
6.05
4.24
0.79
9.7
1.34
4.88
3.35
6.71
8.07
7.75
4.47
2.4
0.29
10.39
3.66
5.26
12.27
8.56
8.68
14.59
2.36
13.12
14.94
11.07
10.65
13.18
2.07
5.53
3.51
3.98
3.17
7.43
2.51
0.35
13.67
12.81
11.96
6.25
9.38
6.76
10.75
8.1
10.44
1.85
10.28
2.08
12.87
8.25
9.18
11.8
12.06
4.77
11.64
12.48
2.26
12.51
0.15
0.89
4.33
1.51
11.09
10.11
8.77
14.84
6.98
12.37
1.95
4.04
5.81
12.44
5.51
2.64
0.12
12.99
11.52
2.96
2.02
4.56
2.22
4.71
10.61
13.43
2.14
7.28
8.59
0.49
7.15
7.08
9.12
10.03
10.73
10.87
10.36
5.65
0.05
0.34
12.24
5.1
4.24
5.62
12.23
5.96
10.47
12.54
12.03
3.01
10.01
13.83
0.75
5.28
13.75
6.75
14.21
9.72
5.93
8.05
10.6
14.14
5.26
4.97
14.34
5.46
0.3
8.12
4.52
0.63
9.49
6.34
10.23
14.86
12.91
8.97
4.92
6.72
6.33
12.51
9.61
1.41
13.39
6.95
2.52
13.31
8.41
14.89
9.95
5.08
1.87
12.68
9.01
7.18
13.07
7.54
5.96
12.7
13.27
7.76
10.45
4.23
13.0
0.2
1.06
6.66
8.58
11.6
7.78
7.64
11.4
5.11
14.86
11.64
14.18
1.46
2.5
1.58
4.28
10.41
7.08
2.43
11.32
12.09
9.36
6.04
13.79
10.7
0.88
2.75
6.98
0.69
10.84
0.96
4.63
5.02
9.7
0.02
8.03
3.11
10.02
3.18
6.58
1.08
4.73
12.34
2.35
11.67
8.35
2.7
4.29
12.08
7.24
8.4
2.76
0.44
3.73
8.94
3.54
10.48
11.23
13.4
11.03
4.7
13.56
11.35
12.82
6.18
4.62
6.34
8.59
1.76
8.5
3.03
3.84
12.14
10.28
5.78
3.57
9.41
14.11
0.69
9.16
7.22
6.89
13.15
8.75
1.52
1.43
7.38
9.93
5.14
14.73
4.54
11.32
10.71
1.68
1.17
12.86
1.62
4.29
6.68
9.9
2.44
4.47
11.68
12.36
6.08
2.82
7.31
3.36
11.33
8.49
10.61
5.06
13.89
2.16
14.65
10.12
7.39
8.68
14.12
9.89
4.67
4.18
10.94
14.51
11.58
4.96
1.01
0.04
9.47
14.22
11.28
8.74
10.21
14.27
10.36
10.35
2.78
1.27
7.66
14.76
12.75
4.35
11.65
12.13
12.31
1.35
5.08
14.56
12.12
13.92
10.13
11.36
7.26
10.57
3.74
10.16
4.88
4.57
9.27
9.37
14.4
2.05
11.95
7.66
2.73
10.82
6.8
4.88
5.15
6.69
7.26
5.49
8.67
2.9
12.8
8.59
11.88
6.65
4.01
11.88
6.33
11.3
4.41
14.04
14.85
11.17
1.42
5.37
5.89
3.39
3.16
9.66
5.7
3.6
5.75
8.91
7.29
8.88
6.94
4.94
13.78
0.98
14.9
0.73
6.78
5.89
13.94
9.68
14.28
9.59
10.05
13.42
7.05
10.01
14.46
8.65
4.35
12.24
4.87
5.86
9.35
12.54
10.24
5.43
0.28
7.86
13.9
1.63
13.97
5.46
7.99
4.42
8.56
11.39
8.42
0.22
9.5
14.85
12.72
0.67
8.22
8.61
13.81
10.22
14.17
3.44
12.82
14.23
9.2
8.95
4.16
5.07
11.57
6.71
14.58
12.7
2.62
12.12
4.45
1.66
10.28
12.89
0.32
2.22
7.43
9.0
5.32
6.95
1.54
12.23
2.78
14.78
10.04
0.3
7.38
1.36
9.08
11.34
9.47
3.46
7.15
1.19
1.81
6.4
12.98
0.22
10.82
3.31
10.8
7.12
2.92
1.62
7.07
1.12
6.42
0.25
13.45
6.67
12.07
