0.34
5.03
3.56
4.75
5.62
0.92
1.58
13.3
13.76
14.55
5.32
12.64
0.57
10.51
0.08
5.46
12.88
0.18
4.72
5.84
11.17
6.55
13.05
9.09
7.39
14.57
6.38
3.75
9.72
11.4
14.25
12.39
9.93
9.95
8.93
9.81
1.63
10.38
14.08
4.22
0.72
3.72
8.22
10.6
1.36
2.65
10.86
4.44
4.41
7.7
4.38
0.96
1.62
11.72
7.38
3.21
5.49
3.3
6.45
1.15
5.32
0.13
0.38
3.24
14.63
13.81
13.0
11.83
6.92
12.9
10.85
1.46
8.48
3.08
9.78
3.92
14.22
4.8
1.07
13.56
1.76
6.1
14.94
14.89
13.63
0.73
11.28
8.69
10.23
2.46
7.56
10.13
3.31
5.94
3.47
6.98
13.96
0.85
11.48
12.9
14.84
5.3
9.99
7.9
14.91
13.13
0.34
2.33
12.08
8.65
3.93
1.52
9.99
7.07
1.6
0.54
13.44
8.74
1.57
2.22
14.18
4.39
5.84
3.85
7.03
10.12
13.1
1.65
10.38
3.7
10.52
9.18
5.17
4.75
5.26
4.3
3.14
9.27
1.02
2.87
10.18
8.57
8.3
5.93
8.49
6.71
0.27
2.25
4.2
4.94
7.28
2.94
12.99
6.19
2.72
6.83
9.68
14.64
1.42
9.24
12.75
14.42
14.18
3.13
9.57
13.86
1.57
13.69
12.99
4.38
3.21
13.89
2.21
13.36
10.09
3.84
12.75
1.68
11.21
14.71
6.7
11.47
3.2
6.92
10.08
11.04
2.36
1.54
7.07
13.09
12.57
3.61
13.88
14.77
0.33
9.08
11.07
6.41
11.47
12.2
7.97
1.69
12.2
5.47
2.21
0.94
6.67
10.69
4.65
10.18
6.34
1.6
10.67
10.0
6.54
7.98
3.46
2.96
7.88
7.0
3.24
8.86
3.18
10.7
5.96
6.44
12.39
3.83
2.49
8.41
9.22
7.14
11.07
10.1
13.53
14.89
3.86
4.53
9.57
12.62
6.59
4.58
8.01
2.51
10.84
2.18
7.33
13.68
4.85
5.74
0.57
12.9
1.42
1.27
2.45
5.82
10.63
6.43
2.11
12.39
12.59
9.93
9.34
2.68
13.92
11.69
8.41
10.83
0.92
12.28
7.97
5.95
8.74
14.2
11.55
5.98
12.45
6.01
8.41
6.72
8.89
14.17
12.27
3.11
6.5
11.42
7.55
14.2
0.62
10.47
2.34
7.8
4.92
9.18
1.92
7.51
2.88
13.38
5.85
9.47
12.61
3.2
6.92
6.18
4.84
2.29
2.29
13.55
13.21
10.62
3.8
13.61
5.1
7.51
13.54
1.35
11.71
6.93
6.44
6.25
14.21
4.24
5.8
0.21
9.25
5.87
13.57
5.89
0.43
5.8
2.29
12.2
2.69
13.71
9.18
3.9
12.27
4.97
3.96
5.61
2.94
6.43
10.76
4.79
0.69
5.52
8.63
12.6
12.99
0.96
6.18
10.79
7.66
7.08
2.98
12.08
1.99
7.32
6.07
11.76
6.44
2.47
3.48
6.74
10.15
10.2
1.89
8.65
0.57
6.21
1.93
12.83
5.54
13.27
5.89
10.47
1.8
0.32
12.31
8.8
4.17
14.24
0.36
4.51
5.69
1.06
6.61
11.49
7.43
10.6
5.35
3.32
8.91
12.0
5.68
5.12
13.5
9.07
2.05
6.91
13.31
14.28
3.38
0.48
8.13
0.51
5.25
9.21
0.4
0.11
9.83
0.71
8.52
10.65
5.72
10.4
8.82
4.28
7.22
2.04
4.35
12.68
5.93
13.51
2.87
8.75
0.63
7.69
10.96
9.58
14.48
11.09
3.12
8.77
3.5
0.55
9.58
12.33
12.71
4.16
3.47
1.82
3.86
11.02
12.66
6.91
7.8
10.07
9.73
3.71
12.7
6.93
12.43
5.31
3.29
3.38
9.48
8.58
12.87
3.81
6.85
9.78
3.47
9.07
10.17
0.84
0.19
0.25
10.31
11.51
11.66
13.13
3.04
14.11
8.68
8.01
14.11
13.85
11.35
13.63
10.5
0.63
13.28
3.71
9.76
9.4
13.94
9.52
13.0
2.32
9.26
6.5
12.21
10.58
14.76
13.54
7.31
5.03
6.91
11.98
11.85
2.37
10.8
12.83
4.78
1.32
4.66
13.78
9.99
1.92
4.92
4.66
3.44
14.29
8.76
10.27
1.04
1.92
5.82
4.96
14.25
5.85
9.36
5.16
10.05
8.97
1.01
9.07
7.85
6.54
4.65
14.0
3.13
14.46
11.02
9.49
3.92
4.48
3.56
6.31
2.12
10.12
9.37
6.21
3.93
12.94
3.01
8.96
5.08
3.11
0.95
14.15
13.6
5.16
7.89
11.72
12.78
10.87
14.77
10.6
12.07
3.85
10.67
2.13
8.2
3.39
8.01
2.98
4.12
4.12
3.6
7.03
2.98
4.3
4.58
1.39
8.95
13.2
7.32
9.85
14.71
8.76
6.32
8.45
8.81
9.08
12.42
0.5
6.64
3.91
6.71
3.72
5.82
11.83
8.02
6.47
3.42
10.79
7.63
13.5
2.17
1.49
6.19
11.4
4.9
10.01
10.91
1.75
8.21
6.94
6.35
3.21
12.8
12.39
5.56
3.25
1.13
0.16
10.75
12.28
10.41
6.59
9.2
2.72
0.41
1.07
4.9
13.53
8.28
13.45
13.24
8.05
10.47
9.73
8.23
5.0
14.53
10.98
5.89
3.03
5.22
5.4
1.82
13.77
4.12
4.61
0.27
5.46
4.56
0.09
3.43
13.78
1.49
6.23
14.17
5.64
11.75
5.77
6.64
3.3
7.98
12.36
13.13
11.65
5.84
14.71
10.32
11.57
13.36
13.15
4.83
12.59
11.5
2.13
2.67
12.84
10.99
13.05
2.25
4.63
13.84
1.04
14.28
1.82
14.23
9.0
12.29
11.81
7.12
5.83
11.34
8.15
2.93
1.39
3.83
14.38
14.42
3.5
8.02
12.91
5.53
6.76
1.22
12.32
11.65
2.58
12.0
1.98
7.95
13.71
8.23
9.87
7.58
12.13
9.41
5.77
7.83
9.29
11.04
14.98
8.61
6.77
6.17
13.44
0.13
9.93
2.07
1.17
10.99
4.71
1.45
13.7
2.06
8.4
2.61
1.83
1.06
6.56
13.13
4.47
9.66
8.28
10.35
14.0
2.7
1.53
7.75
9.55
10.75
8.43
13.28
12.88
0.73
0.41
5.03
0.54
6.97
0.48
5.43
4.36
7.72
3.79
14.63
3.83
6.15
2.93
14.35
9.26
7.86
5.64
5.52
9.17
13.51
1.96
11.05
7.33
0.43
14.58
9.66
3.69
7.09
13.89
13.33
5.09
1.95
9.15
1.17
3.35
14.1
14.53
0.4
1.65
0.33
3.53
12.93
7.27
7.25
10.61
8.09
13.61
5.15
10.72
0.94
14.55
14.64
1.54
9.81
1.57
4.25
0.73
14.22
5.78
10.63
10.18
2.04
13.06
7.21
8.39
3.18
6.43
10.28
4.09
5.94
9.41
12.43
12.25
7.55
11.12
0.94
12.26
10.13
9.82
3.73
9.22
11.9
4.77
11.26
10.21
11.91
2.65
10.63
13.77
1.87
3.18
9.43
3.35
7.35
9.4
9.14
5.93
9.08
4.95
9.17
2.0
8.5
1.3
10.48
5.4
6.85
0.97
13.3
14.48
2.93
2.76
7.79
9.72
2.51
8.88
7.96
13.25
11.48
6.12
4.38
9.46
9.4
1.03
9.69
3.21
12.6
2.07
10.67
6.66
11.99
14.3
3.81
3.35
2.98
0.28
6.47
4.09
6.75
12.32
2.09
4.03
0.02
9.83
11.18
1.68
9.23
11.4
14.51
10.74
12.84
6.52
13.72
13.07
0.17
6.8
9.97
8.88
6.79
3.22
2.8
3.59
3.69
3.12
12.7
13.59
5.1
8.91
0.8
2.71
0.27
13.26
4.69
12.09
3.22
13.05
9.89
7.5
6.4
7.09
12.43
7.98
3.86
12.24
7.98
6.56
11.89
9.08
5.89
14.67
5.34
2.43
10.6
4.55
4.11
8.48
4.96
7.73
4.86
3.11
13.52
4.77
10.14
10.17
4.18
13.53
9.25
12.63
4.06
8.98
3.96
12.12
13.09
1.17
6.37
4.16
12.58
1.82
10.45
2.06
4.02
8.5
5.86
0.19
6.77
10.92
7.34
4.51
8.6
5.87
10.01
3.33
9.04
10.85
3.71
2.92
0.55
6.34
6.02
4.05
5.47
14.57
11.17
9.36
13.32
4.33
4.56
10.27
14.85
2.9
6.25
0.03
10.1
13.69
2.07
9.8
0.8
9.39
9.04
1.53
4.8
1.15
9.16
11.37
12.9
5.66
11.91
8.01
9.25
6.95
14.56
12.2
0.58
8.86
14.62
12.11
6.22
5.56
11.98
11.32
5.3
1.01
3.63
1.14
9.47
6.54
1.32
10.76
3.42
11.01
12.4
6.76
11.52
4.47
3.55
10.53
0.14
13.55
4.41
3.17
11.87
1.46
2.43
13.44
7.74
13.26
2.18
0.56
3.79
0.56
10.59
13.94
10.33
2.87
8.51
9.93
0.81
5.27
13.92
12.47
1.19
2.95
3.31
0.04
1.47
12.81
13.01
3.63
13.96
3.16
11.74
1.39
5.49
9.78
5.37
10.69
1.33
2.53
9.51
13.69
9.07
8.54
8.44
14.57
9.78
13.15
13.64
10.84
9.52
8.02
5.61
13.63
5.18
12.13
6.56
2.69
13.87
7.7
10.79
10.76
14.79
3.61
1.4
8.84
0.85
0.05
2.27
14.82
4.0
1.03
5.77
3.96
8.61
8.16
9.91
9.76
10.05
10.81
12.35
6.68
1.4
4.61
13.23
2.63
8.03
0.02
4.78
8.77
9.98
14.09
5.51
8.18
12.95
1.86
9.22
4.61
7.79
6.73
14.53
3.09
8.58
14.88
0.12
7.19
13.65
9.98
10.17
5.58
0.69
9.76
2.2
0.55
12.18
6.43
8.45
2.03
10.17
4.84
0.84
2.97
14.77
7.67
6.31
6.04
11.54
5.46
11.61
10.62
11.61
3.89
0.72
5.96
12.56
12.46
14.39
3.34
0.58
1.05
1.22
0.66
9.5
1.93
11.3
11.73
0.76
2.23
0.14
2.96
