7.8
9.1
10.98
10.99
11.63
5.17
1.34
5.88
4.9
9.38
12.19
14.13
13.38
2.01
0.2
2.86
0.16
2.96
12.45
1.57
4.82
10.94
9.98
8.43
12.47
3.85
0.12
11.8
11.59
10.5
2.13
5.3
11.89
11.42
2.63
0.3
7.56
14.28
6.61
12.14
14.92
13.92
10.05
3.55
12.5
9.82
2.95
1.96
6.04
13.7
0.52
10.53
4.12
5.67
7.12
13.73
8.96
14.25
6.45
8.43
5.73
9.43
11.61
8.63
5.35
5.8
12.26
1.97
9.81
2.02
13.73
5.97
13.7
1.41
6.61
10.59
12.03
1.31
4.5
3.49
1.5
3.74
2.44
0.9
10.7
12.81
0.24
13.98
8.84
1.38
12.82
6.56
14.67
3.59
10.12
2.45
4.53
7.74
10.76
6.52
9.48
12.15
12.3
6.83
7.12
12.36
1.13
10.92
3.08
6.05
10.2
12.96
2.08
1.28
10.8
10.46
11.48
0.15
3.85
7.59
13.29
2.58
6.26
10.68
11.9
7.49
10.07
11.07
2.64
2.13
4.89
10.83
14.41
2.05
12.58
2.33
5.01
1.09
8.87
11.04
10.7
3.38
1.66
8.81
7.1
0.74
14.33
14.24
3.91
8.3
3.95
8.58
5.19
2.68
2.93
11.08
10.96
5.79
2.15
12.51
10.04
13.63
10.58
3.46
10.63
13.33
11.22
5.25
5.8
11.07
7.95
10.11
11.63
2.46
3.43
14.18
9.63
10.22
13.37
4.18
14.96
13.13
1.8
7.46
10.22
13.44
12.78
12.89
2.91
1.81
1.63
13.98
7.64
1.84
7.32
6.94
1.19
11.2
2.07
12.03
6.95
0.64
10.47
0.44
11.57
8.43
11.83
7.49
14.27
12.96
13.98
10.47
5.69
2.65
5.67
1.43
13.24
10.41
2.31
3.69
10.14
0.01
1.52
3.19
4.58
2.23
7.99
5.36
10.89
5.5
9.59
6.07
5.87
7.55
4.45
8.4
5.64
10.75
10.0
0.89
14.51
7.01
4.37
4.86
10.12
4.66
8.23
2.76
12.12
2.8
6.86
7.92
8.04
8.6
14.53
1.56
6.99
1.24
3.0
8.46
10.81
4.81
6.97
7.6
9.11
9.2
0.83
13.29
14.96
6.47
4.47
9.63
1.93
3.99
11.25
12.06
6.44
11.53
8.55
7.19
13.96
6.18
13.34
8.12
3.23
14.39
8.69
3.92
9.09
10.21
4.74
5.43
0.83
13.82
13.29
11.81
10.32
9.31
9.23
13.39
7.99
8.61
12.72
7.72
4.03
2.42
13.1
2.26
13.3
14.55
13.43
5.98
9.52
6.92
11.33
12.32
10.02
7.88
6.57
5.12
2.42
4.27
8.92
14.43
1.26
13.09
3.97
7.79
9.36
2.48
9.27
3.13
2.48
13.94
8.34
11.81
13.22
7.59
2.34
12.42
0.03
3.01
11.0
3.47
4.07
7.41
12.94
4.78
9.49
13.18
13.75
13.89
7.47
8.82
12.6
7.58
12.17
2.72
10.31
7.24
12.8
5.82
9.6
7.79
5.43
4.12
3.09
1.24
3.52
10.21
12.69
4.46
2.59
2.96
8.16
12.25
4.27
13.33
14.72
4.95
2.5
6.64
7.32
11.41
3.94
5.46
9.08
3.13
8.36
12.45
0.47
14.44
6.19
13.12
1.66
14.87
13.8
9.81
2.14
12.65
10.9
1.74
10.71
7.1
13.03
5.48
8.65
11.47
2.47
0.22
6.29
14.03
13.64
10.95
12.66
14.08
7.35
4.49
8.69
9.51
14.43
13.89
3.08
13.92
6.21
2.22
9.57
2.23
14.56
0.26
5.72
4.03
5.06
1.8
5.2
9.45
13.98
8.97
1.96
12.41
8.07
3.05
4.87
10.15
14.64
12.81
3.44
0.02
0.63
13.41
1.08
1.84
13.58
1.49
9.78
13.97
10.99
14.17
8.38
6.6
0.66
5.16
13.63
9.59
6.35
13.62
13.73
5.35
2.95
12.37
5.53
13.61
13.41
11.11
8.75
3.14
14.82
5.61
4.56
4.94
0.38
1.55
3.06
11.37
14.97
0.73
9.02
4.56
0.72
6.61
6.95
6.86
11.97
1.43
4.18
12.48
10.19
1.57
1.99
3.62
5.86
1.45
12.3
4.85
11.42
1.75
1.88
4.99
3.8
0.56
13.37
10.14
0.26
7.25
9.82
11.46
3.69
11.51
10.25
5.78
3.24
9.5
13.53
12.99
5.05
4.24
10.48
4.54
9.18
3.03
8.45
7.82
13.02
12.08
3.3
6.64
5.71
13.0
10.41
0.59
12.37
14.13
14.04
0.14
5.39
7.83
14.29
11.01
8.7
0.65
13.1
8.83
0.92
5.14
8.31
7.54
0.78
13.94
0.12
2.52
12.01
2.45
12.47
10.67
1.24
4.66
5.19
6.82
11.91
7.27
7.17
12.96
2.19
7.93
11.17
6.58
10.47
12.97
7.3
7.12
4.33
5.69
11.64
3.53
10.78
14.53
7.25
11.86
8.55
2.5
9.66
5.41
11.19
4.09
3.81
7.61
1.49
11.79
7.63
8.75
1.73
14.05
9.03
13.31
3.08
11.08
1.49
2.87
8.53
5.58
10.64
12.14
7.03
9.52
10.37
9.58
7.95
7.7
10.32
1.29
1.89
5.55
6.65
5.36
8.88
6.02
5.72
7.55
10.02
5.07
9.06
3.02
1.81
11.76
8.0
4.56
14.32
0.05
9.66
8.48
11.57
10.88
9.96
3.2
13.17
7.71
4.66
3.71
10.17
11.09
14.95
12.5
12.22
1.97
6.15
6.55
1.79
12.0
14.46
8.41
10.09
10.8
6.1
12.7
7.93
7.04
7.8
8.31
4.54
11.1
10.3
14.83
10.53
12.78
9.96
0.58
1.7
13.16
2.02
8.7
11.03
13.64
12.01
2.19
1.01
3.26
2.34
8.26
5.34
14.43
0.83
7.54
5.92
11.5
13.84
8.87
5.13
12.97
11.11
1.94
7.78
5.18
1.37
14.97
3.64
5.73
0.45
4.28
7.11
7.27
9.88
4.04
5.5
8.71
9.07
14.24
14.88
3.43
2.21
7.91
2.57
5.39
14.86
0.5
2.47
8.44
10.72
14.52
9.31
1.08
3.93
1.64
0.66
6.94
1.48
13.12
12.88
11.72
6.86
1.32
13.15
5.09
1.15
6.46
13.9
1.1
8.15
10.19
0.97
12.68
1.76
0.37
6.28
10.01
9.44
9.66
8.29
7.57
7.22
1.02
10.9
11.72
1.36
9.24
7.48
5.09
2.2
4.18
8.13
12.7
12.36
13.74
3.91
6.47
6.87
9.41
3.2
14.72
4.36
7.46
6.87
6.0
13.06
10.45
14.32
12.21
13.34
6.34
3.7
14.26
13.88
4.32
0.86
6.24
13.35
6.0
13.64
2.1
9.8
11.44
14.24
14.94
9.2
9.92
14.87
12.53
2.37
2.53
8.39
14.06
14.27
11.08
12.82
8.11
13.11
8.32
6.79
4.51
6.56
9.32
12.82
14.96
3.57
7.56
1.79
14.22
0.27
11.75
11.37
13.33
9.88
11.09
0.05
4.79
6.58
9.55
6.5
4.93
12.07
12.49
6.77
10.51
12.42
11.83
11.95
2.58
6.34
10.54
5.32
2.68
2.47
11.64
5.09
4.13
13.39
6.68
4.15
6.59
3.02
13.92
6.97
4.45
8.98
14.9
8.4
13.36
2.28
6.67
8.82
1.63
5.18
7.69
12.81
11.67
9.05
7.32
4.02
2.13
11.72
5.4
8.4
2.46
1.81
0.93
14.11
2.67
13.09
0.59
4.86
10.14
13.17
2.69
10.97
1.58
14.43
14.31
13.9
7.27
7.13
9.4
7.49
7.09
9.42
2.53
8.06
14.98
9.6
4.79
14.54
13.79
9.54
14.93
14.39
0.64
4.38
9.94
12.16
5.0
14.65
12.7
7.88
12.67
14.0
14.72
7.26
2.97
1.07
0.33
1.55
1.76
10.68
5.11
7.14
10.82
14.85
13.62
8.35
5.87
4.85
4.36
6.7
7.64
13.14
6.13
1.46
5.61
4.72
5.49
4.19
10.01
4.02
2.41
11.74
0.27
8.58
11.11
13.24
9.03
4.7
10.06
7.68
8.08
6.16
8.61
12.99
11.05
14.72
11.53
12.0
6.14
14.28
3.63
1.37
8.43
14.72
8.41
10.25
12.74
4.87
7.84
4.45
4.23
3.66
2.7
8.11
11.18
1.72
1.37
4.78
7.29
10.13
4.13
7.55
12.13
3.54
6.13
14.74
12.07
1.33
3.61
4.67
14.53
9.84
8.35
14.32
4.66
9.16
1.36
6.18
11.41
9.64
2.99
13.53
6.64
13.0
3.53
3.22
7.62
5.7
13.96
7.18
13.21
2.01
10.72
0.42
10.89
2.09
5.88
11.29
7.15
0.06
7.35
2.85
7.85
6.86
13.92
10.21
8.54
3.47
9.62
9.9
7.0
7.37
8.29
5.03
12.43
3.56
12.85
1.37
2.71
6.41
2.51
0.76
7.41
8.47
11.73
9.83
1.49
4.97
10.84
2.94
8.31
8.59
9.82
13.03
11.62
7.0
6.4
9.75
6.17
3.2
9.63
5.4
7.66
7.77
9.33
12.59
11.72
9.46
1.04
9.46
3.28
4.08
9.21
4.22
1.59
13.28
6.13
14.46
1.86
10.83
4.78
1.26
5.0
2.72
9.49
7.15
5.8
2.86
4.29
12.73
7.22
1.64
3.89
14.69
7.88
7.83
14.84
0.12
1.25
12.55
4.76
0.45
5.18
2.91
10.99
1.64
10.63
3.95
0.7
13.0
14.94
11.79
8.1
8.59
5.26
9.88
4.32
12.01
9.37
10.12
12.49
2.02
9.3
12.36
6.29
0.57
13.32
2.65
2.81
4.06
12.16
11.36
13.85
11.67
0.92
14.7
9.04
7.08
8.14
9.83
2.95
10.84
7.2
12.13
0.99
1.34
11.17
6.62
9.52
9.88
12.33
1.06
8.85
12.64
14.29
0.72
14.57
5.43
1.98
9.44
8.8
2.11
10.58
13.23
14.74
6.54
4.32
10.05
12.96
11.48
7.22
5.11
14.24
8.03
14.98
2.58
10.5
8.56
10.87
2.59
4.41
7.42
0.78
12.55
1.32
7.03
7.26
14.21
4.61
