6.75
7.8
13.99
6.9
13.83
14.66
3.08
4.59
3.14
13.66
12.92
12.14
10.86
6.09
10.68
3.06
4.63
4.57
9.38
1.97
10.54
10.76
6.63
2.38
5.69
7.63
5.39
12.29
5.98
2.64
12.08
10.42
5.67
4.45
3.84
14.81
3.25
5.42
11.88
9.84
11.94
4.49
5.97
12.99
4.63
8.35
6.17
10.76
14.44
6.31
13.53
2.1
4.05
1.83
12.97
7.42
12.15
5.35
3.23
6.84
11.6
10.62
6.59
2.32
3.6
3.15
1.61
3.84
0.96
1.15
9.14
7.44
5.93
5.57
5.68
9.2
0.1
13.83
13.78
8.87
9.45
14.26
2.66
13.47
9.74
8.48
7.87
12.88
3.54
1.37
14.61
6.08
8.54
8.31
10.4
0.63
7.58
0.53
14.39
6.03
3.64
12.11
14.78
12.37
0.86
1.2
7.46
1.49
12.71
7.25
6.5
4.81
14.25
2.99
2.97
7.63
3.9
11.33
13.74
10.02
3.01
7.65
11.88
7.68
0.15
9.82
13.99
7.23
0.49
8.64
2.82
6.2
11.89
13.09
1.79
6.21
9.61
9.95
0.41
14.71
1.75
9.22
1.26
14.41
3.34
9.28
4.82
5.22
1.8
6.45
12.25
6.99
5.86
13.58
14.39
7.3
11.85
10.41
12.86
10.75
9.13
14.88
2.29
1.18
5.48
8.0
13.78
4.02
14.84
11.17
1.87
13.94
1.59
2.08
0.05
14.37
8.96
8.61
7.04
9.78
7.34
2.86
2.73
11.84
8.62
2.62
13.87
7.68
1.89
4.15
12.26
10.03
2.14
11.22
0.71
12.24
0.35
4.35
3.39
6.64
3.19
9.19
8.4
11.49
5.19
8.24
3.31
11.94
8.41
2.45
2.46
1.84
0.97
6.4
12.74
13.69
8.06
5.43
6.28
12.86
14.88
7.41
3.69
7.46
7.06
2.99
8.42
8.57
2.36
12.61
2.9
4.75
10.02
5.02
8.72
4.59
6.14
14.06
14.76
8.72
9.22
1.95
6.51
6.45
3.67
5.7
10.9
6.72
8.49
14.94
10.85
10.54
5.67
2.15
14.66
11.23
14.47
9.74
6.14
10.37
8.39
9.33
12.72
6.88
11.39
14.45
0.39
13.53
14.76
7.96
10.42
1.67
14.93
1.08
7.19
1.51
11.27
8.57
13.46
3.6
6.1
6.05
9.87
0.98
14.06
14.46
14.32
0.82
2.43
5.55
2.82
10.63
9.91
8.41
11.87
12.92
12.85
9.36
8.77
0.16
1.93
12.56
6.25
13.92
9.57
5.76
4.28
1.95
6.05
2.6
2.85
10.37
4.71
10.05
2.06
13.78
12.51
13.84
6.78
5.54
2.92
1.84
9.35
1.95
8.42
9.16
5.65
10.76
1.95
0.26
0.71
2.39
4.21
11.4
5.48
6.02
4.21
2.05
3.84
11.83
11.84
5.4
14.99
1.82
1.11
4.9
1.05
2.58
1.91
7.77
7.51
2.53
12.01
9.48
6.19
13.18
2.29
2.13
1.04
15.0
4.87
14.35
2.58
7.72
1.72
6.21
13.78
10.16
11.91
5.49
9.76
1.27
8.07
3.67
8.02
11.15
5.98
0.07
8.02
14.53
3.13
8.84
15.0
10.81
7.01
5.55
11.85
0.45
10.43
6.74
4.57
13.53
6.43
12.12
2.52
8.98
10.48
14.93
0.84
3.7
14.0
1.76
10.54
14.49
13.12
10.25
2.0
3.57
5.25
0.52
1.73
9.27
0.71
11.92
8.63
6.26
6.86
14.64
11.3
6.0
14.19
13.57
0.86
3.46
4.25
7.33
11.58
12.89
6.79
0.71
5.53
3.55
5.65
13.39
4.63
1.64
13.74
8.53
6.7
13.95
12.47
11.59
9.65
7.43
7.71
12.13
11.8
0.24
9.11
3.22
0.27
8.68
4.2
8.74
9.91
11.86
7.21
10.54
11.84
11.57
14.82
3.15
12.29
7.77
1.43
7.23
7.53
2.31
4.59
7.22
2.33
13.3
7.55
2.06
2.81
8.31
8.38
10.64
7.76
7.76
10.67
11.91
4.6
11.32
8.83
6.86
6.84
8.17
7.63
5.31
1.1
11.19
2.11
7.37
9.56
10.51
13.02
3.66
6.16
1.5
8.06
3.05
12.13
11.38
10.43
3.17
6.38
7.57
4.91
11.94
9.24
13.26
12.6
14.29
13.6
8.1
8.63
14.85
9.56
8.05
10.48
10.05
0.94
9.48
7.67
4.25
9.53
3.03
9.88
10.17
11.61
9.88
9.91
10.86
4.61
9.54
8.32
9.88
4.89
0.46
7.44
10.71
12.56
0.16
6.6
10.81
0.34
4.05
9.57
11.82
11.7
10.29
12.52
3.74
6.34
4.75
4.93
13.11
6.93
6.29
8.65
0.8
10.4
14.41
0.47
12.73
9.94
6.61
7.44
10.49
0.94
10.6
14.55
7.63
12.19
8.59
13.51
13.77
7.55
5.93
10.46
14.01
6.5
8.0
10.44
1.16
8.23
11.21
3.34
13.07
5.58
13.1
2.22
6.8
11.19
4.21
8.95
11.35
9.08
11.96
11.47
13.97
12.19
6.54
7.43
5.0
2.52
14.48
14.92
12.06
3.0
9.05
6.99
11.8
6.33
12.49
10.87
1.25
7.97
8.65
5.25
8.88
2.73
5.3
0.71
3.76
9.78
5.92
5.1
1.51
14.93
13.54
9.05
13.98
8.83
13.09
5.46
12.34
8.73
1.12
13.99
7.4
9.49
6.92
7.9
4.72
12.74
14.88
13.38
0.5
9.8
12.47
12.47
7.36
14.86
6.79
9.72
4.67
7.46
6.22
4.22
7.08
5.11
11.03
5.6
0.84
2.11
5.97
10.7
0.25
12.95
13.28
4.68
2.2
10.27
8.55
13.87
7.79
8.66
8.93
7.68
7.71
6.49
8.66
0.43
4.45
9.72
4.93
1.88
9.82
9.33
13.37
0.14
14.15
9.51
5.81
13.37
14.83
3.41
2.45
5.94
5.12
5.02
10.63
12.31
10.75
6.67
6.23
3.34
1.8
2.52
2.84
3.84
11.7
1.56
2.84
3.01
4.73
2.24
0.27
5.16
8.28
6.35
2.79
14.09
4.22
9.78
4.95
9.5
1.54
0.21
4.76
12.82
4.91
6.4
11.55
2.48
5.17
7.49
3.07
6.45
2.7
8.43
6.86
10.26
3.08
3.85
0.12
12.26
13.09
13.5
2.93
2.19
7.29
4.4
10.16
2.76
10.1
3.9
10.63
3.66
2.49
0.73
4.34
6.62
3.05
14.42
6.32
5.21
14.43
0.88
1.22
5.97
6.01
14.35
6.41
12.4
4.03
5.3
6.7
9.11
0.58
10.71
1.72
12.5
8.83
4.19
7.07
7.91
9.34
14.02
2.25
3.72
7.33
14.64
4.68
9.37
4.78
3.28
3.65
7.87
9.61
5.22
8.23
8.84
3.48
4.53
7.19
0.11
9.54
3.42
8.76
12.4
2.16
3.8
8.28
13.54
12.1
5.77
10.9
0.04
3.48
7.68
10.62
13.62
8.5
5.78
7.25
6.88
12.11
11.06
8.68
8.3
13.73
3.0
9.62
12.72
6.22
1.83
3.21
14.44
3.91
13.09
4.07
3.96
14.31
14.84
14.51
3.18
12.46
7.58
1.26
9.81
1.62
6.84
4.39
2.26
1.11
5.95
15.0
0.05
7.51
11.43
0.7
12.82
11.84
1.34
1.0
4.91
3.05
1.28
2.61
6.17
0.27
2.18
6.15
11.77
8.14
13.11
12.08
2.56
8.09
5.3
6.59
5.06
1.0
11.0
8.52
2.69
8.37
0.71
14.92
8.77
10.11
11.82
9.99
12.85
9.75
13.0
12.7
12.91
9.15
5.9
8.5
8.09
12.4
13.74
9.74
2.89
11.18
8.06
7.27
5.07
5.01
3.73
2.99
5.81
1.99
11.41
12.22
8.3
6.38
14.95
2.27
11.45
13.78
6.25
1.42
8.17
3.53
13.01
5.27
11.29
14.91
7.27
10.75
12.51
5.23
12.01
7.71
14.94
14.33
12.71
0.78
7.84
2.16
11.73
14.09
7.5
9.88
9.3
5.52
10.45
11.53
10.45
13.12
5.74
5.32
9.86
8.02
0.28
9.35
13.81
10.92
3.78
1.97
4.8
0.51
5.8
2.74
12.32
11.35
5.14
10.18
14.08
8.05
1.29
10.2
11.17
13.29
13.24
3.95
4.83
1.34
13.27
0.72
2.08
4.1
14.41
6.5
5.68
2.86
3.75
11.11
4.37
10.11
9.04
8.42
13.13
11.39
0.31
13.49
7.61
0.89
1.6
4.57
7.48
6.05
13.25
13.94
14.84
9.02
10.34
12.48
8.55
6.3
6.55
5.39
0.8
10.88
11.77
3.49
2.52
7.94
12.53
9.56
1.43
7.3
1.79
4.64
9.78
4.8
11.84
4.1
9.39
0.47
7.59
14.3
9.85
6.32
1.57
10.39
4.08
2.08
5.15
2.84
0.25
1.09
11.93
7.11
14.72
1.15
11.36
11.25
9.58
1.15
9.92
9.07
3.18
11.22
6.28
7.62
5.56
12.81
3.67
12.9
12.84
10.19
6.74
13.28
4.34
12.52
6.7
13.9
9.21
7.35
4.77
2.12
4.17
13.35
11.54
0.52
12.22
14.45
6.95
10.0
2.65
13.91
9.1
4.81
3.08
14.63
3.05
4.23
0.1
5.48
14.55
6.5
7.54
7.09
3.23
14.81
1.9
13.34
12.59
12.34
14.88
3.63
5.48
14.06
11.67
6.16
7.85
5.13
11.46
12.97
1.41
5.05
0.53
7.16
5.5
0.89
14.64
8.05
13.23
2.27
1.26
2.17
9.45
8.12
7.94
2.43
2.03
14.37
5.01
0.72
1.71
6.21
1.76
10.0
4.98
8.61
14.97
2.38
0.7
9.18
9.31
1.36
8.25
11.83
0.06
2.49
10.18
6.5
13.32
2.59
14.43
13.16
3.4
3.54
13.86
9.98
10.38
11.46
11.0
8.49
8.95
14.25
6.42
3.76
9.08
13.81
11.19
12.25
9.83
3.1
13.09
5.14
13.87
12.13
5.15
2.51
5.55
14.4
2.44
12.66
5.44
9.18
0.69
12.33
8.64
5.85
14.91
13.27
14.8
5.36
12.56
7.57
2.23
6.08
