0.4
0.23
1.03
2.63
5.48
4.83
3.75
7.7
12.44
1.35
4.77
2.98
10.52
13.48
10.46
4.33
6.45
4.38
13.32
7.5
6.33
4.62
2.33
0.23
11.51
3.64
10.73
14.26
4.68
13.58
5.87
6.52
2.43
10.06
8.98
14.95
7.15
6.18
12.49
11.28
8.66
0.51
3.94
13.05
12.13
1.44
0.1
4.7
6.83
3.31
10.48
2.04
13.39
10.52
9.49
7.44
0.51
1.85
2.69
0.05
12.42
5.95
4.99
14.7
13.67
12.61
5.61
7.86
5.21
3.87
9.17
6.99
7.66
3.81
5.66
3.4
4.48
2.35
2.36
8.75
11.89
10.22
11.71
8.11
5.42
6.51
6.67
0.64
8.18
4.98
12.52
4.12
5.03
7.93
1.71
8.2
1.93
9.94
11.34
11.48
14.68
4.26
1.96
9.27
5.79
14.93
5.03
5.63
9.08
0.73
9.83
9.92
4.93
11.46
1.37
5.57
0.37
5.46
5.63
7.94
8.75
0.8
3.25
14.63
9.43
10.99
1.34
0.59
0.24
13.33
10.28
6.46
1.35
5.16
7.3
5.62
12.28
6.12
11.81
5.66
0.43
12.9
12.31
6.05
1.94
13.31
9.9
3.96
7.53
10.76
13.19
5.56
0.07
1.49
0.54
8.97
8.75
10.99
0.97
4.25
10.02
9.6
0.43
4.1
8.07
9.54
14.34
9.67
8.78
13.28
10.57
10.24
2.15
6.51
8.87
1.72
3.01
0.55
4.35
6.89
6.94
8.34
1.35
0.43
8.45
9.98
8.88
14.56
10.33
7.8
5.4
9.04
2.5
4.44
10.05
4.11
3.67
7.87
12.1
12.78
2.53
4.71
13.14
0.9
2.55
11.46
10.92
13.18
13.42
6.06
11.05
14.12
2.5
1.7
5.86
14.39
6.55
1.81
3.74
4.74
9.76
7.93
1.59
7.27
13.44
7.33
2.33
12.89
2.08
1.05
14.58
12.4
14.29
7.67
2.18
14.87
0.65
7.29
4.9
0.25
10.45
1.49
8.81
13.44
3.01
5.23
14.21
11.1
6.93
1.69
7.8
12.51
6.64
3.18
7.57
1.3
0.93
7.47
10.11
5.04
3.94
8.58
0.55
7.47
5.87
13.66
2.34
1.05
9.16
8.21
8.88
4.52
14.38
4.91
7.48
4.44
12.92
7.32
0.24
13.29
12.12
14.59
0.99
8.91
4.24
4.22
13.61
8.77
12.36
12.37
7.41
3.91
14.88
13.49
12.94
5.48
13.78
9.66
10.3
6.69
10.82
5.64
0.57
11.42
8.63
7.79
14.08
5.23
7.65
2.66
5.04
9.06
12.45
2.72
6.53
2.54
2.48
3.76
0.75
12.2
4.28
5.28
10.42
13.79
2.75
0.43
0.71
14.65
14.99
12.1
6.35
11.56
6.6
6.1
2.21
1.63
3.77
13.58
8.91
6.93
0.95
1.7
9.4
12.75
12.53
11.11
8.78
6.85
11.51
0.4
13.45
13.1
7.93
0.5
7.41
10.14
0.61
3.99
2.34
8.16
11.23
6.29
13.17
10.19
13.99
14.72
8.7
13.63
2.21
8.47
10.97
2.48
12.65
9.86
13.86
4.3
10.25
9.89
14.41
13.63
14.57
7.26
1.65
14.4
3.35
10.38
2.93
0.63
7.9
0.24
8.77
14.77
1.75
4.8
0.03
5.43
7.26
9.2
9.95
4.02
3.39
11.61
12.64
2.14
4.29
1.71
3.26
3.01
10.95
10.47
14.41
1.09
10.04
6.68
2.79
2.35
8.15
0.75
13.58
2.52
5.28
6.52
9.8
11.03
1.33
10.92
5.67
4.08
5.45
2.58
0.69
0.32
5.09
7.52
5.85
1.51
12.56
0.18
12.87
7.41
4.6
9.83
11.69
1.37
8.99
8.63
9.06
8.05
11.05
14.64
11.48
14.6
3.89
1.51
10.31
2.87
14.46
2.71
1.75
13.54
10.25
7.81
8.04
7.84
13.11
11.43
5.6
6.7
7.11
10.14
11.56
0.99
4.75
10.29
1.68
14.98
11.76
13.91
0.61
12.75
3.15
9.32
13.26
5.85
9.66
11.37
1.27
5.83
6.02
5.51
0.03
1.64
1.86
5.81
0.65
0.71
12.66
8.81
7.44
0.05
6.0
6.05
11.97
7.61
8.59
12.52
13.12
3.57
2.18
0.41
10.8
13.06
0.78
7.12
7.61
13.03
11.0
12.66
1.82
3.72
0.98
4.54
13.48
14.59
4.33
5.37
4.06
7.62
13.51
10.85
3.17
6.95
6.21
3.87
7.63
4.0
9.41
9.22
8.96
5.75
8.34
10.26
12.0
6.78
7.82
12.98
6.34
6.05
8.51
11.66
11.54
7.83
5.12
13.78
2.01
3.28
1.9
10.65
13.8
2.45
5.5
1.08
11.84
6.95
14.2
8.27
13.5
2.69
4.84
13.75
13.96
0.29
0.16
14.75
13.74
1.63
4.12
4.01
14.68
3.82
14.76
12.66
14.15
6.05
14.2
0.06
6.72
10.2
6.12
1.63
2.92
8.6
5.69
9.14
11.95
0.1
8.3
4.28
5.06
8.75
13.14
12.74
12.14
9.72
2.56
7.05
0.31
12.97
13.22
14.62
3.93
5.4
12.54
9.76
6.94
2.72
4.68
7.39
8.25
7.4
4.4
11.65
0.99
12.34
4.92
7.38
13.44
10.36
4.65
14.61
2.02
5.38
8.82
7.35
9.34
7.83
9.55
9.49
5.39
13.2
11.16
10.66
2.7
4.22
14.56
10.45
13.32
7.62
14.13
9.28
8.72
4.27
0.66
4.62
2.37
13.94
7.27
6.1
9.9
9.56
11.21
3.01
4.91
5.42
8.54
14.39
11.32
8.29
2.24
0.65
1.23
14.37
1.36
4.71
12.89
0.99
14.62
1.76
2.55
5.04
10.11
11.74
14.96
9.15
13.81
3.64
6.47
8.39
6.16
2.81
4.73
12.78
6.24
5.34
10.12
12.0
3.56
2.86
3.74
4.7
14.93
0.8
6.34
4.74
10.24
13.81
4.72
0.1
8.7
0.6
4.89
2.45
14.52
9.42
13.66
3.85
6.78
13.01
14.52
14.91
2.83
3.78
8.5
12.89
11.1
3.41
10.51
11.67
12.34
1.19
6.97
2.09
8.01
9.29
1.77
7.9
0.78
9.83
12.17
4.04
3.67
14.98
2.7
13.75
12.28
9.12
13.82
1.97
11.34
13.8
8.9
2.71
8.23
8.41
12.29
12.86
13.72
1.1
4.62
14.29
6.06
4.65
2.21
13.66
10.27
13.32
4.15
13.23
12.09
11.04
13.75
13.52
9.8
10.32
7.71
10.84
4.04
13.32
9.54
6.01
12.06
2.05
1.2
2.51
3.42
8.16
12.48
3.49
8.39
4.25
1.76
5.16
10.15
0.67
1.44
7.65
9.69
1.59
9.72
10.64
9.9
13.79
11.51
7.89
6.53
5.18
10.35
7.96
8.16
2.09
5.81
4.43
9.28
9.76
5.24
4.25
7.06
12.15
14.08
4.84
11.97
2.81
9.69
12.13
6.37
13.48
5.52
7.58
12.59
9.16
12.45
8.26
13.42
4.64
6.76
2.11
3.4
13.59
3.79
1.04
9.24
4.89
10.68
6.76
11.98
8.54
7.4
12.22
14.39
10.54
7.21
0.56
2.32
2.77
1.04
12.77
10.86
4.22
2.32
14.28
7.44
10.59
1.94
5.14
13.01
4.17
1.84
5.81
6.51
0.27
9.86
9.81
1.05
5.35
5.02
2.21
8.68
12.72
10.92
8.86
8.64
14.83
4.2
10.9
7.59
12.22
13.05
4.6
8.58
11.65
6.7
9.46
11.17
10.26
10.02
10.18
2.48
2.35
12.07
1.31
14.59
13.8
1.31
4.01
8.49
11.93
1.26
5.61
2.76
13.78
2.95
13.89
8.39
2.96
12.5
13.69
3.72
7.96
4.11
8.96
10.07
9.12
5.05
14.7
11.55
9.97
11.05
11.8
3.33
8.21
10.56
10.56
0.17
2.64
5.23
1.03
11.52
6.6
8.88
1.73
5.72
0.58
1.34
12.29
10.65
0.88
10.05
1.29
11.95
3.02
2.78
5.48
4.79
10.12
4.9
14.52
10.28
2.97
5.2
0.19
1.07
13.79
8.75
13.94
7.6
11.26
14.44
0.84
14.25
0.04
7.56
13.93
1.72
9.45
12.64
8.07
2.32
14.68
4.5
13.56
14.8
3.77
4.0
13.39
3.87
7.74
14.65
5.04
11.11
6.34
13.31
3.8
7.6
0.86
8.7
6.74
7.44
8.44
13.99
4.26
8.04
12.54
9.93
14.9
2.05
0.72
11.47
7.07
12.38
13.05
3.22
5.77
2.07
9.06
0.62
7.59
5.7
3.63
1.21
0.39
14.32
5.29
6.54
0.17
11.42
5.24
10.45
14.67
11.25
13.42
11.47
6.9
14.25
3.41
9.31
2.99
5.79
5.82
13.75
11.68
12.25
10.24
14.63
8.65
6.06
9.84
13.43
6.01
7.56
2.81
14.42
13.79
12.63
9.11
4.56
8.6
7.98
2.76
7.66
5.52
11.46
11.64
8.08
0.38
13.58
5.91
6.14
8.63
2.06
1.18
9.8
10.1
14.04
9.27
5.16
14.3
1.91
5.55
5.66
11.54
10.56
12.95
5.21
11.24
7.81
4.45
7.82
14.63
0.81
10.63
8.71
14.98
11.47
6.38
12.08
8.3
9.24
11.85
4.99
11.25
3.54
8.65
3.33
6.41
3.48
1.82
2.42
1.65
6.72
8.42
8.7
4.01
7.82
13.13
9.19
10.86
10.46
10.32
4.58
5.38
14.36
12.23
2.33
8.85
1.01
8.14
5.2
5.04
9.81
12.91
9.84
13.88
14.48
9.44
6.41
4.55
4.51
14.61
7.59
4.59
2.77
6.5
0.56
14.02
8.04
13.3
2.95
5.3
9.33
2.39
6.41
9.55
12.24
1.7
9.3
1.46
5.16
11.71
5.29
6.24
14.08
5.31
6.68
1.33
5.13
13.97
12.92
10.71
13.8
1.93
3.52
10.42
8.14
3.95
8.01
13.75
4.99
13.02
1.6
10.08
7.22
2.4
13.16
10.7
12.37
10.55
1.33
1.85
4.88
9.21
0.45
5.96
9.95
5.5
0.14
1.97
6.01
13.12
2.45
13.83
