6.37
2.27
10.61
0.16
2.3
11.29
5.98
11.14
0.7
1.5
14.23
3.37
8.54
6.6
1.09
14.72
7.49
8.26
14.69
8.71
11.07
14.4
3.77
7.45
2.89
11.28
0.86
8.83
3.61
2.34
7.33
10.01
9.76
11.51
3.09
9.73
0.8
3.58
2.24
14.32
10.05
9.65
0.97
7.47
0.31
10.24
0.57
11.81
13.97
12.22
7.76
7.26
5.19
1.73
14.46
14.37
2.37
11.74
13.99
9.19
14.48
8.12
8.29
5.09
12.51
13.82
4.23
3.46
10.52
3.74
5.78
3.47
8.91
10.65
4.28
6.46
14.34
1.6
13.12
3.58
11.78
4.63
12.95
10.11
12.17
0.37
10.66
9.15
8.0
0.65
9.74
7.42
6.76
0.57
9.68
0.12
1.03
1.51
1.07
0.76
2.81
6.49
2.8
2.47
9.9
10.25
4.17
13.15
2.59
6.17
14.51
13.7
7.09
1.58
3.78
13.62
13.87
3.09
4.81
9.62
6.37
0.56
4.57
14.29
9.68
10.91
11.9
4.58
3.05
5.39
10.87
2.1
9.93
9.17
2.78
8.2
0.22
2.63
11.22
6.4
2.72
4.12
5.31
9.34
1.19
5.68
5.28
5.35
13.37
11.05
4.68
3.75
1.16
7.92
1.26
0.09
5.8
14.01
3.85
9.67
14.0
5.33
10.09
2.41
14.99
8.72
7.8
2.25
4.83
3.81
8.1
7.73
2.04
14.49
8.04
13.37
1.8
3.15
8.83
4.12
11.7
1.56
11.1
1.29
11.18
6.17
0.08
8.43
14.73
10.37
5.3
3.31
10.55
1.67
8.31
4.29
11.98
14.45
9.41
6.74
11.73
9.78
3.53
1.44
2.0
7.21
7.85
1.69
7.98
1.19
11.55
5.72
10.09
13.52
6.79
4.09
1.46
8.88
6.75
10.28
10.28
5.68
5.17
3.64
5.31
2.12
0.19
11.39
1.66
7.01
12.43
12.6
4.84
3.6
6.02
14.3
6.92
8.51
6.86
8.45
13.5
2.48
1.42
6.49
9.9
2.55
13.77
3.16
10.28
4.62
13.12
3.91
9.73
0.08
3.63
12.37
5.3
11.58
8.95
12.82
12.31
14.81
11.43
7.3
3.7
6.37
7.89
6.87
7.49
12.69
7.79
0.98
10.28
10.49
10.48
14.61
11.48
8.1
14.7
8.78
1.01
0.79
0.77
8.02
12.2
6.49
2.94
5.9
6.82
10.49
9.17
5.72
0.04
7.58
5.68
5.69
2.43
2.0
7.04
2.52
10.23
3.34
4.31
10.74
14.4
8.23
6.94
12.29
6.93
10.77
11.76
9.15
10.27
3.8
1.24
8.58
0.02
5.49
11.21
11.05
10.81
5.62
1.02
10.45
1.59
0.68
2.86
10.34
13.29
14.42
5.1
0.62
5.87
5.71
4.61
10.01
3.94
12.41
2.58
5.02
8.3
12.49
3.94
14.98
1.16
14.45
3.26
14.27
7.77
3.61
10.93
6.58
0.91
2.34
9.87
7.83
5.06
5.33
0.15
1.67
11.78
8.55
13.87
8.71
6.62
6.04
5.21
6.52
9.53
10.72
4.95
7.84
3.65
3.98
5.09
2.59
2.74
4.86
13.06
14.76
4.64
4.01
6.46
8.73
12.12
13.76
12.48
9.85
13.97
5.96
3.53
9.6
6.9
7.97
11.83
11.7
2.92
6.62
12.25
4.47
0.14
8.92
8.36
3.74
4.25
9.82
9.9
13.72
12.46
8.09
3.33
12.95
0.37
14.04
1.15
14.8
11.16
10.8
3.87
5.83
12.51
13.36
14.31
11.55
10.08
2.42
7.7
9.5
5.48
5.92
12.93
14.5
12.49
2.2
6.7
5.82
8.59
0.41
3.36
5.85
3.04
9.79
8.39
5.19
13.68
11.69
7.62
13.64
10.89
13.33
4.76
0.72
13.86
11.28
8.41
4.21
8.13
12.05
4.61
9.2
0.32
8.57
2.0
4.87
13.52
7.73
11.82
5.89
2.14
5.8
6.54
12.57
1.77
5.21
6.25
3.26
13.57
3.47
12.76
13.11
5.88
11.18
0.24
11.73
3.03
8.04
5.62
3.85
0.02
6.53
14.4
11.66
13.6
6.54
11.15
7.44
6.68
2.75
10.16
11.78
7.23
11.78
9.14
1.8
9.91
7.57
5.36
9.61
0.95
9.46
13.09
13.16
1.2
0.94
14.43
4.51
0.33
0.46
0.79
2.02
4.62
11.74
7.08
10.73
1.67
0.61
11.35
12.25
0.49
4.1
14.91
4.51
6.67
6.02
7.53
2.8
0.16
9.04
8.53
14.56
13.65
0.32
5.74
8.4
6.28
5.85
0.73
8.96
1.84
13.43
1.94
6.5
5.35
7.88
13.22
2.69
5.36
10.71
9.79
10.7
14.36
9.12
5.85
9.49
2.37
7.31
11.11
4.67
9.62
0.07
11.52
12.2
1.76
13.64
4.74
10.81
6.39
10.2
3.34
7.88
4.85
14.32
10.91
8.56
4.68
11.14
13.73
7.21
11.78
3.74
9.04
13.59
11.49
12.65
7.35
4.0
4.75
6.2
2.76
3.38
2.46
14.33
10.84
7.35
4.94
7.37
3.05
2.84
8.5
12.02
11.75
2.27
5.28
5.5
0.26
7.27
9.29
7.36
3.17
8.37
4.53
8.05
10.12
2.36
9.71
3.19
11.6
5.35
2.3
9.62
11.87
5.15
11.11
4.58
4.7
5.66
1.72
4.06
14.76
10.17
0.86
6.18
6.36
13.58
14.68
2.56
11.31
4.34
5.51
0.94
9.61
0.71
9.84
7.78
9.64
9.82
4.64
7.89
13.32
3.23
11.08
8.58
8.76
0.94
4.01
0.4
13.16
2.94
0.13
13.63
2.12
5.92
5.3
13.17
13.34
12.77
8.53
4.19
12.96
3.06
7.48
7.93
9.01
1.37
1.95
12.04
9.7
0.24
12.57
11.8
1.36
8.36
14.96
10.22
6.27
5.74
2.76
14.99
1.69
9.71
2.35
0.48
7.13
4.67
0.13
12.23
9.41
9.95
7.17
13.33
9.09
6.41
12.67
8.27
1.38
10.96
10.68
14.71
13.38
14.67
0.68
3.69
14.08
7.35
1.03
8.44
14.84
5.08
12.24
0.6
14.23
4.08
4.36
12.88
1.34
9.25
8.53
1.1
5.28
14.12
10.67
3.66
1.84
8.28
3.44
3.44
9.73
8.6
10.76
3.63
9.28
5.78
2.19
7.28
1.5
3.59
8.15
6.68
7.65
8.08
13.91
8.54
5.61
0.69
7.32
3.03
3.39
1.84
11.31
6.28
0.96
13.65
3.95
13.57
12.02
9.48
14.87
1.95
1.85
6.89
6.12
8.84
5.46
14.81
10.61
3.58
7.47
12.15
5.98
13.8
1.43
5.57
5.25
12.88
3.89
1.32
4.06
8.13
2.06
5.32
8.26
9.54
6.02
7.12
14.37
5.4
6.51
7.03
14.15
13.32
10.54
4.41
5.62
4.22
2.55
12.9
10.76
3.67
9.75
14.88
5.74
1.43
1.89
12.4
3.59
9.25
6.44
10.67
9.57
9.52
1.14
1.18
4.18
4.02
4.12
14.94
9.31
14.21
7.44
4.47
5.41
8.22
12.02
6.4
11.63
6.71
10.7
7.45
12.39
10.06
9.65
2.77
13.58
1.6
11.26
4.62
14.5
1.39
14.44
10.01
0.62
5.27
1.14
11.23
14.24
4.51
6.74
5.96
1.92
13.48
11.91
5.88
9.68
5.33
6.43
8.91
4.07
14.12
2.91
3.38
12.75
13.47
1.19
9.71
7.47
0.57
10.45
2.9
11.49
4.42
14.15
12.13
10.41
4.74
3.51
2.76
2.36
8.37
1.13
4.56
2.09
5.93
1.99
7.21
7.69
9.22
3.63
13.33
4.6
3.26
10.95
9.06
8.75
9.29
4.08
7.8
1.07
0.27
12.58
2.18
10.46
3.25
2.52
10.79
2.34
12.1
11.79
12.6
11.29
14.23
1.18
7.64
10.11
8.16
4.52
11.11
4.4
6.22
7.93
14.61
5.9
1.02
3.75
14.72
2.85
0.65
6.54
5.48
6.83
12.76
11.35
2.94
7.24
11.78
2.07
3.56
6.66
11.08
6.85
2.26
2.13
12.02
10.23
0.16
10.58
0.04
4.29
13.53
0.81
9.24
9.23
4.91
11.42
3.84
6.48
2.12
14.31
9.8
14.61
8.17
12.06
13.54
6.14
9.01
14.66
13.1
5.27
1.39
13.91
12.55
14.85
3.81
11.02
12.97
1.39
7.21
2.69
14.33
11.04
1.34
5.76
4.72
9.75
14.58
5.37
1.49
2.78
8.5
11.57
7.66
7.95
10.43
13.34
8.66
11.58
14.47
6.2
4.59
10.28
9.82
2.81
6.07
0.11
9.16
8.66
11.81
9.52
5.13
3.98
14.56
10.55
1.25
9.51
6.02
8.84
0.12
1.87
12.36
6.94
14.54
1.88
6.93
8.87
12.89
10.41
5.78
9.4
3.2
0.79
5.07
13.64
8.02
5.94
7.69
6.72
4.89
4.91
12.75
4.72
11.26
6.42
12.58
13.4
5.23
14.6
4.81
13.16
12.38
2.0
14.74
8.7
7.52
9.18
0.67
9.65
8.97
7.48
5.34
0.53
11.51
7.57
8.69
8.68
6.15
2.01
1.06
7.86
7.2
9.38
13.54
8.62
13.49
10.03
2.72
2.56
10.1
5.87
11.72
6.94
10.46
4.65
13.83
7.42
7.56
12.77
2.31
6.32
3.96
1.64
11.78
8.01
0.51
10.78
11.0
8.36
5.05
9.82
0.31
2.39
1.46
2.15
0.54
3.85
14.87
12.32
1.81
4.22
4.3
4.13
8.07
11.72
11.75
8.64
3.65
7.69
14.89
12.49
11.47
3.06
7.99
1.65
9.41
14.98
11.38
5.19
4.85
6.82
1.16
13.57
6.42
13.95
12.28
10.44
0.67
4.8
12.96
4.88
2.58
8.28
12.16
0.55
3.69
4.14
6.2
7.38
2.11
7.4
9.21
0.13
9.07
14.72
8.76
10.93
10.86
14.29
11.09
13.08
2.17
12.19
4.36
10.67
5.75
12.26
0.3
8.1
1.29
8.06
8.03
8.31
6.44
5.24
12.99
9.68
0.09
3.31
13.78
4.07
7.65
6.3
2.52
