11.95
11.61
12.75
0.95
7.81
0.52
9.02
5.92
11.44
12.34
12.23
13.37
7.9
2.09
3.64
14.47
14.17
3.36
6.82
12.59
10.97
10.81
13.58
1.92
9.91
14.2
7.3
0.94
13.44
14.36
7.38
6.07
4.25
12.01
1.09
0.17
0.04
3.36
11.34
7.49
5.07
6.22
4.07
3.68
3.45
11.94
9.2
5.0
8.75
3.64
1.48
8.18
0.12
6.97
11.68
1.24
7.6
2.81
2.27
7.6
4.84
11.91
2.34
2.74
11.52
6.35
8.75
10.78
5.48
2.31
0.96
4.86
6.88
10.75
4.85
10.84
8.28
0.47
14.57
2.12
2.31
9.48
2.66
11.58
2.84
11.62
12.46
7.52
13.42
11.05
6.46
10.57
13.7
9.47
0.26
7.35
9.81
10.47
9.35
3.93
11.32
11.71
5.98
6.01
5.93
8.25
2.64
3.79
4.06
0.59
8.83
0.87
14.41
13.92
3.63
11.56
5.61
1.74
11.31
10.31
12.98
6.72
8.61
5.59
6.25
4.2
6.45
8.9
9.51
8.23
6.81
4.84
1.91
10.71
4.1
1.89
8.89
9.7
7.81
4.78
2.1
14.96
9.59
14.78
0.78
6.26
6.73
4.49
7.66
9.44
5.44
8.43
0.61
1.38
10.49
0.37
6.3
10.15
4.44
0.02
4.01
5.25
13.29
2.58
13.5
9.44
7.23
3.78
8.93
4.03
1.56
3.92
0.9
2.5
3.9
4.76
14.56
12.07
6.3
14.29
11.27
4.84
14.46
1.26
0.71
13.79
1.51
8.25
3.51
0.96
5.39
7.66
6.35
13.79
12.76
3.25
7.55
8.47
3.75
3.62
5.61
6.55
11.91
0.27
3.61
1.65
12.73
4.15
6.28
0.65
5.95
12.25
7.66
1.34
8.73
12.6
3.63
0.72
3.38
14.46
12.23
10.18
14.75
8.72
5.2
3.23
0.21
4.08
6.82
6.85
4.76
9.0
10.51
3.58
4.25
0.55
12.77
2.58
13.27
2.82
7.23
3.26
12.45
5.49
10.68
1.56
12.69
1.42
3.57
3.95
1.54
9.63
12.24
0.14
3.1
10.5
4.14
9.77
4.02
3.22
6.8
0.5
3.03
13.28
13.68
4.79
8.63
2.48
8.55
6.63
6.06
7.53
3.98
11.06
10.71
8.5
13.76
9.58
10.15
2.88
10.0
11.87
4.81
9.49
13.68
9.69
1.21
14.27
2.91
2.28
12.7
3.74
2.34
2.58
9.6
6.8
0.54
7.73
9.01
10.04
2.38
11.59
9.35
10.84
13.71
6.08
13.07
0.18
6.75
12.67
3.92
4.78
2.9
6.33
8.75
5.35
0.86
2.49
4.46
12.98
0.02
13.41
10.33
6.45
5.73
3.43
3.14
7.67
14.54
6.32
1.94
11.83
1.71
13.35
13.06
11.12
0.42
4.38
11.84
7.1
2.11
9.37
13.95
9.15
2.12
1.48
11.49
13.2
9.37
6.89
2.09
0.76
2.83
9.66
4.2
10.26
9.85
2.59
3.2
13.43
1.29
10.99
14.63
2.76
12.39
6.03
2.43
11.91
10.79
8.2
14.79
2.85
8.12
3.12
4.98
14.08
12.02
0.43
2.72
11.16
9.29
11.25
10.51
4.47
1.17
11.47
2.38
9.18
4.46
0.02
2.96
14.55
0.9
1.08
10.13
4.43
14.66
6.26
4.11
2.66
13.4
14.72
0.04
10.11
13.84
0.54
4.63
6.41
8.2
7.25
8.88
6.02
1.18
2.36
12.9
0.11
2.17
4.85
11.37
8.2
13.53
1.77
10.09
14.73
6.75
2.04
5.94
8.01
5.36
8.88
2.48
3.51
7.53
2.44
11.86
11.69
9.76
2.7
3.43
8.76
0.92
13.45
13.61
13.1
14.13
13.57
7.49
6.12
9.23
8.55
14.53
9.69
7.5
10.96
4.39
3.31
6.41
4.38
14.34
11.02
1.36
10.95
3.92
13.48
1.44
2.9
4.14
14.64
4.41
10.9
1.67
1.28
7.8
5.12
11.21
3.97
11.47
0.03
0.98
7.58
4.7
1.53
2.98
11.5
14.61
5.01
3.58
13.69
0.49
5.7
4.12
1.02
9.13
2.21
1.93
4.37
6.17
5.97
11.1
3.09
10.8
6.82
11.17
3.0
14.17
7.83
10.89
12.37
14.27
5.08
0.59
12.54
0.42
5.82
6.01
7.73
0.81
7.14
8.74
3.18
10.37
6.64
13.33
11.7
6.09
7.41
3.85
14.8
2.89
1.59
12.43
5.41
3.2
13.63
8.26
10.21
10.82
6.55
13.29
13.74
0.53
2.81
2.11
12.21
14.3
3.49
8.28
6.8
7.91
3.08
5.55
4.43
7.52
0.51
9.21
2.8
5.25
2.38
4.0
1.73
9.02
13.68
7.89
14.47
14.24
14.49
10.47
10.82
4.79
12.83
9.5
12.1
13.15
2.57
4.86
8.81
9.67
8.4
8.8
7.05
0.82
11.09
4.08
2.38
6.46
9.26
4.46
12.86
2.42
0.56
8.26
1.51
5.56
0.87
2.86
14.63
14.93
4.04
1.88
11.71
13.64
5.73
11.91
11.36
8.48
0.26
10.56
0.21
6.88
2.58
12.72
9.17
1.86
4.96
0.64
13.03
1.67
2.13
12.27
8.34
1.8
4.62
12.61
3.75
4.85
1.47
0.56
13.21
0.2
9.91
10.52
12.63
4.81
12.24
0.58
12.17
9.04
11.42
12.11
7.83
2.28
13.67
14.06
12.29
1.79
10.16
9.95
6.52
3.36
3.04
4.72
14.01
4.81
0.51
8.11
3.1
6.09
10.98
14.22
4.25
6.11
9.55
2.09
13.13
11.22
13.12
8.88
8.4
6.02
9.41
14.16
12.32
2.38
13.26
8.48
13.83
0.87
5.74
12.63
0.57
6.67
1.44
4.07
0.53
6.46
10.76
1.08
7.3
4.08
7.31
6.18
2.79
7.37
9.88
8.21
9.37
2.59
11.79
0.87
1.4
3.3
5.12
13.95
11.36
2.86
7.77
13.46
10.39
5.39
3.85
2.14
10.41
7.89
7.64
3.25
0.31
6.08
11.17
5.34
6.78
4.27
6.19
10.34
12.39
12.08
10.85
10.24
11.73
0.39
1.61
12.18
12.92
1.92
11.29
9.7
8.54
1.76
7.18
6.72
11.54
14.27
8.72
12.83
3.51
12.88
1.6
5.99
7.38
5.77
14.68
3.78
9.01
10.56
11.31
13.37
6.93
13.51
10.94
12.24
3.39
0.92
7.68
0.19
0.97
6.57
8.98
5.22
10.86
6.65
12.21
6.66
6.36
14.04
9.0
8.11
1.34
4.2
10.4
2.17
1.84
1.1
13.12
14.45
5.55
0.9
5.61
8.4
4.15
1.84
5.8
12.93
10.75
9.21
1.35
7.7
12.31
7.7
9.17
10.79
7.02
9.81
13.48
10.12
0.86
14.64
9.1
12.91
3.98
6.03
13.49
13.05
4.09
2.36
0.74
4.8
2.88
10.93
7.98
3.9
12.36
14.01
3.91
9.77
7.93
11.26
8.71
14.2
7.09
11.41
6.11
0.72
11.44
11.22
4.91
2.95
10.19
12.72
7.69
9.75
6.61
9.3
9.85
2.75
8.57
14.38
10.57
0.83
12.28
10.06
0.23
9.34
2.21
9.14
1.33
4.89
8.14
1.44
4.49
14.19
13.59
11.52
1.31
10.25
5.54
6.79
12.66
7.92
12.99
3.8
5.19
10.18
0.41
6.94
9.88
8.24
2.98
7.41
4.93
14.33
1.36
7.7
1.7
14.97
14.97
3.07
3.75
3.09
8.18
9.98
13.24
13.11
14.47
1.34
10.71
3.2
2.21
8.55
5.09
11.59
1.91
1.35
7.23
0.63
3.23
10.35
6.19
10.79
11.94
7.93
3.11
5.72
9.84
13.21
11.85
10.79
11.15
8.29
12.14
6.23
0.86
4.62
12.04
6.33
6.44
10.14
0.77
10.3
13.77
8.68
2.61
14.98
1.92
13.7
0.91
12.89
4.3
9.28
13.55
2.44
13.77
6.9
7.34
8.07
7.07
5.6
7.31
3.14
9.04
14.72
2.29
0.37
4.48
3.04
13.95
6.82
3.01
5.06
5.12
8.49
4.43
10.79
6.63
7.64
7.91
12.91
5.59
0.13
2.11
10.8
11.25
0.21
4.38
9.29
2.74
9.11
12.99
5.54
10.97
5.94
4.06
0.27
8.78
13.18
6.33
2.9
1.86
14.98
14.93
12.24
8.43
8.17
6.18
11.74
3.6
6.83
4.69
1.75
0.89
11.51
13.06
14.95
6.71
5.71
4.65
3.92
5.55
11.29
7.51
7.75
10.88
6.43
12.3
5.79
10.91
0.46
5.9
2.0
5.17
7.0
9.41
13.52
11.39
1.61
6.82
1.12
9.74
6.73
7.22
2.97
4.37
3.71
7.93
10.56
13.13
13.12
10.7
6.78
10.63
10.63
12.02
11.22
3.55
5.98
5.59
4.49
12.5
3.41
2.28
13.66
7.9
9.26
0.44
14.14
12.68
7.19
12.4
6.12
2.05
1.16
8.75
13.16
12.5
4.6
1.33
8.03
13.65
1.95
5.32
5.56
7.07
11.75
5.22
12.17
7.33
4.13
14.41
7.34
7.01
10.76
8.16
5.75
4.12
8.54
7.66
11.55
8.44
14.54
2.96
5.71
14.32
3.87
13.45
6.62
6.81
0.78
9.87
12.6
10.74
7.65
6.07
6.93
2.21
11.38
9.93
1.09
6.29
7.6
3.83
12.73
14.42
13.08
9.66
5.36
1.09
9.13
6.46
12.44
12.69
13.38
7.44
7.49
0.97
3.13
2.43
10.31
1.77
5.06
10.58
1.84
7.52
9.04
12.59
1.8
13.72
14.96
3.83
3.36
1.79
2.62
4.92
2.25
9.7
9.55
0.7
9.7
9.58
7.91
14.23
13.3
0.08
4.18
3.61
6.38
8.16
5.38
12.13
0.4
13.8
6.91
1.17
3.34
0.53
5.25
10.94
5.26
4.86
10.06
1.94
7.69
12.87
5.03
4.94
4.73
6.95
7.17
6.28
3.79
4.33
4.53
12.65
2.27
3.73
13.48
4.44
8.64
4.9
12.21
3.15
9.11
3.87
13.2
13.67
11.65
7.93
7.23
3.46
13.96
13.97
0.59
13.57
