10.16
5.76
2.69
5.29
8.03
8.83
4.12
3.33
0.3
7.56
4.55
1.47
0.84
12.57
11.51
10.54
0.81
12.96
8.77
12.88
2.54
2.46
13.26
14.19
13.35
12.06
2.44
13.79
14.02
1.21
9.68
12.24
2.5
5.15
1.1
4.85
6.83
10.29
1.6
3.2
8.51
14.51
7.35
10.82
6.31
4.37
5.15
12.47
11.12
6.16
13.57
3.07
5.96
5.98
13.08
5.23
2.55
14.12
4.86
4.17
2.7
13.07
2.13
12.78
9.93
6.8
3.42
12.05
0.58
1.13
3.13
14.55
10.31
8.91
9.98
10.49
6.63
13.8
2.33
14.58
5.1
8.95
3.64
2.68
9.56
14.32
10.01
0.25
3.23
9.86
10.51
1.78
7.55
13.01
4.68
9.1
12.4
12.32
12.42
12.86
5.0
13.2
14.11
10.75
0.46
10.95
13.59
13.74
6.54
12.67
5.04
1.67
10.6
11.6
11.98
12.7
11.37
13.29
6.44
5.25
1.83
14.6
5.21
2.96
3.6
7.98
12.68
1.59
0.47
1.97
2.79
14.88
10.09
9.33
13.53
6.99
0.12
12.3
11.16
5.59
6.77
0.17
6.5
6.17
3.9
5.41
5.44
2.77
7.14
12.97
2.72
2.3
13.76
8.91
9.33
13.38
2.36
1.86
0.73
6.45
9.26
9.27
11.39
4.08
13.01
6.13
9.44
8.84
9.43
3.07
2.88
0.48
12.37
5.64
7.54
4.36
2.14
5.13
13.19
12.58
11.21
8.29
0.64
1.25
11.92
13.97
0.24
14.52
14.66
13.85
8.1
3.63
0.48
1.6
7.57
7.57
0.75
5.46
3.43
1.93
13.57
14.98
8.93
10.95
2.68
14.92
12.98
14.57
5.39
3.19
2.7
14.71
12.36
7.47
4.4
14.51
3.17
12.77
10.64
2.14
4.67
13.1
5.15
2.16
9.07
1.15
3.43
3.73
9.1
10.71
3.94
12.9
11.3
2.08
8.04
4.16
11.24
5.55
2.8
5.43
5.96
12.02
14.76
2.99
4.06
9.66
8.65
10.12
6.91
7.86
1.9
14.29
7.37
0.59
0.23
10.85
2.72
12.22
6.49
5.74
5.94
8.2
5.87
9.69
3.85
3.14
5.44
8.57
14.85
2.0
11.34
10.76
2.73
11.13
7.97
9.09
4.47
4.16
13.35
5.28
3.36
15.0
8.81
9.68
12.44
7.12
0.55
14.76
9.66
5.25
0.68
10.96
5.52
11.84
12.18
12.11
7.34
2.08
12.54
2.29
11.54
14.28
8.37
2.78
8.21
0.37
5.25
12.7
2.11
4.85
6.39
4.13
5.78
5.06
14.95
14.5
10.76
5.67
13.48
14.45
11.53
14.47
0.33
5.75
11.42
12.67
3.89
14.8
4.0
14.43
7.24
13.98
12.81
14.65
7.61
5.76
12.92
1.47
2.45
14.83
10.05
4.16
4.95
8.62
12.77
4.33
0.3
7.22
3.11
6.08
13.76
3.93
5.41
14.12
5.15
14.33
14.2
8.62
0.75
7.6
14.92
14.23
9.84
5.26
2.82
9.12
12.95
0.29
3.1
0.89
13.5
5.17
10.75
5.22
8.37
6.24
14.39
12.33
11.77
3.61
11.32
1.31
4.45
4.67
1.97
12.7
9.59
8.53
2.77
14.29
2.17
0.28
11.58
13.73
14.34
0.76
13.38
13.41
0.75
8.47
13.68
14.37
1.96
11.16
11.19
14.97
4.12
7.52
12.19
2.3
4.23
5.18
2.53
5.73
7.82
0.31
14.52
7.31
12.55
11.16
6.34
0.56
9.88
7.66
5.57
14.3
14.09
8.74
5.73
12.21
6.9
5.64
7.83
10.31
3.57
3.48
11.78
8.84
12.14
9.97
7.35
1.58
0.61
2.55
0.15
4.8
12.74
9.07
9.1
7.1
3.9
9.16
8.52
3.49
10.38
0.11
2.1
1.97
12.05
14.62
2.96
6.61
1.79
10.61
1.16
2.07
2.51
10.55
1.71
2.91
8.14
11.41
11.55
9.62
14.94
11.87
9.82
7.81
0.57
3.78
7.85
9.75
9.26
2.07
11.17
14.39
6.27
11.48
4.37
14.29
1.16
3.38
4.81
2.65
3.88
4.87
10.86
5.9
5.98
6.49
13.08
2.96
11.83
10.14
6.05
3.02
14.51
1.84
2.84
13.46
12.99
13.65
11.17
12.31
7.86
11.95
5.7
8.83
6.64
1.61
12.89
5.54
0.39
0.97
2.87
13.12
9.37
13.37
10.26
13.52
1.18
12.43
0.69
14.46
4.98
9.69
10.32
14.56
2.72
5.91
6.39
1.73
5.96
9.97
12.73
2.25
10.06
6.92
13.86
14.63
12.82
2.24
5.13
13.4
1.42
14.85
9.75
8.0
1.73
2.48
12.52
11.55
13.73
10.71
5.9
3.4
2.88
8.46
4.48
8.38
13.54
3.36
2.28
2.54
1.59
7.99
8.91
4.19
12.83
3.93
6.75
12.78
5.79
8.47
8.85
11.92
6.64
9.19
1.18
11.67
10.92
0.14
8.46
11.15
13.35
12.34
3.66
4.57
3.24
3.05
9.19
11.18
0.61
14.9
0.73
0.89
0.03
12.54
0.94
11.77
3.04
13.89
13.0
2.5
13.4
0.75
0.59
3.61
4.35
5.19
0.57
6.51
7.34
10.42
5.83
12.99
12.81
7.65
12.35
12.97
4.02
6.91
5.24
8.79
6.33
12.52
0.29
14.33
12.55
6.14
0.57
12.74
0.52
0.62
14.84
11.23
8.35
10.15
5.33
9.73
7.86
2.35
2.93
8.72
1.73
3.48
7.98
5.49
12.36
3.73
0.6
11.08
2.39
4.83
9.99
10.33
11.98
13.15
3.72
11.62
12.98
9.1
12.71
4.62
7.26
13.96
6.47
9.88
8.31
2.26
1.47
0.53
9.09
13.48
2.12
0.88
6.46
3.25
7.96
8.53
6.06
13.0
11.75
14.17
0.51
10.47
9.61
10.52
6.31
1.8
12.25
12.85
0.37
4.04
2.59
5.55
12.8
13.28
4.48
9.63
5.22
2.12
4.85
6.95
0.89
1.92
10.02
13.08
14.0
12.57
3.47
10.94
7.48
9.45
7.15
7.63
4.52
10.96
3.97
0.27
8.53
7.01
6.73
3.12
6.73
4.19
11.82
7.11
9.36
12.84
14.12
3.31
3.94
11.89
7.99
2.82
7.24
1.52
14.66
1.75
8.36
5.23
11.93
12.75
13.6
10.39
11.74
1.73
9.6
0.35
11.18
6.06
0.68
12.01
1.01
14.68
11.27
7.66
0.17
13.76
2.35
1.16
1.24
4.96
8.81
5.22
13.29
12.21
1.27
2.76
0.63
8.43
9.0
8.29
6.02
9.31
14.01
13.97
9.35
14.72
3.68
6.64
13.42
8.97
13.02
11.18
5.52
3.65
0.31
13.52
7.48
10.34
12.14
5.62
4.19
1.05
13.88
6.44
4.74
7.56
12.84
13.3
12.88
6.28
6.91
13.06
4.65
12.91
0.79
13.06
12.62
7.58
9.03
1.84
10.7
2.24
5.77
5.18
13.86
0.03
9.88
7.63
13.78
3.06
6.86
12.82
9.97
14.46
2.5
10.94
6.06
6.41
10.53
5.78
3.36
1.91
13.34
1.81
6.59
1.72
7.8
1.38
3.61
9.51
7.43
11.36
0.78
9.31
4.1
6.98
11.28
14.58
10.39
11.99
5.86
8.08
13.6
9.18
6.31
11.94
10.33
0.05
14.67
13.58
0.33
6.36
7.85
9.41
7.44
5.62
8.54
14.57
3.49
4.82
7.7
11.66
14.88
2.14
0.26
5.09
3.25
11.37
5.63
1.43
5.19
3.11
7.39
2.7
4.34
3.65
13.71
10.64
12.21
12.62
7.05
14.91
9.57
9.44
6.68
13.63
9.02
7.97
6.44
4.34
12.73
2.62
10.54
2.56
8.15
14.91
6.26
1.93
0.07
11.05
2.54
13.3
10.28
5.28
7.73
9.7
6.56
0.7
3.24
12.85
7.28
12.84
3.82
10.84
8.18
8.0
13.31
14.9
9.15
10.94
10.38
14.79
4.38
1.38
10.08
9.55
5.54
12.91
3.74
8.14
0.31
6.95
7.52
12.72
3.76
12.25
8.19
2.0
9.99
7.65
3.85
6.11
8.82
5.18
8.53
6.09
0.32
9.15
10.2
1.65
9.96
0.77
9.88
5.46
6.13
8.42
4.48
5.48
12.46
12.72
8.86
4.87
11.57
12.07
6.92
4.59
3.1
9.9
1.06
8.11
6.63
0.24
11.81
13.03
2.54
5.88
3.6
8.35
12.85
12.84
14.34
13.74
6.18
11.52
1.71
7.01
11.19
1.94
8.62
6.97
9.89
4.93
6.68
2.86
0.47
4.89
5.24
1.46
4.5
10.28
7.95
6.57
1.27
14.63
14.5
7.0
4.24
3.01
15.0
0.27
0.37
10.55
8.98
4.95
0.56
13.42
3.28
11.84
10.85
13.74
6.15
12.41
0.67
6.09
5.34
14.64
9.5
12.92
8.48
1.44
6.17
10.33
14.08
12.76
12.03
1.55
0.56
12.71
5.24
6.18
7.33
2.01
13.19
5.65
10.37
8.96
1.94
5.53
11.49
12.88
9.47
9.62
10.18
7.27
2.07
9.73
5.12
8.72
0.76
2.87
12.83
7.44
8.51
7.25
12.94
12.13
7.95
4.31
12.64
2.17
7.77
9.74
15.0
6.84
5.14
5.62
5.38
6.58
2.73
9.4
13.54
10.63
12.79
6.72
12.91
14.22
7.6
14.48
9.02
13.73
2.56
9.58
2.77
6.2
8.18
12.07
3.92
8.75
4.91
10.93
8.85
2.63
14.51
2.29
7.29
14.55
7.38
3.18
0.82
12.35
8.24
2.24
11.88
4.55
5.52
10.68
12.93
9.2
13.68
4.81
5.77
14.51
1.03
10.63
7.3
8.0
7.31
5.88
10.12
1.79
6.38
9.94
6.34
0.35
12.6
14.33
0.56
3.34
9.24
5.9
11.57
7.84
2.16
14.74
13.9
12.43
1.34
0.97
10.69
10.4
9.89
3.27
14.04
6.37
2.35
7.06
4.72
11.08
1.55
7.2
14.52
7.03
7.25
8.82
9.6
11.21
3.77
9.47
5.78
4.57
11.91
12.12
10.61
5.52
3.94
5.74
