4.79
14.49
3.5
2.69
1.55
14.31
13.65
7.7
1.92
14.04
4.6
12.15
0.44
8.44
6.55
2.3
10.92
10.15
6.36
9.22
6.75
10.57
0.05
4.62
6.66
10.38
10.61
14.94
3.62
1.95
11.49
11.29
10.83
4.64
4.45
0.68
8.82
12.67
9.49
8.05
4.96
5.05
5.27
8.15
14.12
11.3
9.33
9.33
3.07
9.65
3.97
7.66
1.21
2.4
11.58
2.52
3.64
12.12
9.89
13.4
10.1
0.72
6.94
2.2
8.62
6.29
3.97
11.86
0.95
1.17
4.18
7.31
4.57
0.84
10.77
10.77
10.04
0.92
13.33
4.4
2.75
13.05
2.05
12.87
4.12
7.04
13.3
14.8
10.99
0.59
13.86
5.91
13.24
1.09
14.56
6.32
10.71
12.35
13.24
0.81
6.47
14.77
3.07
3.63
6.18
3.55
10.45
2.43
10.13
2.92
9.49
13.2
8.73
8.07
0.86
2.36
14.39
6.95
4.78
8.1
11.18
3.69
4.09
4.17
11.21
13.15
13.3
8.47
11.99
4.04
4.39
12.99
14.85
13.55
8.75
8.52
6.95
6.01
12.25
2.04
8.61
3.14
10.09
6.48
5.68
10.32
2.81
13.97
4.98
12.69
0.83
1.81
7.09
10.65
7.67
8.06
6.91
12.25
0.35
3.11
9.9
8.28
5.5
4.37
13.47
1.51
14.22
14.02
10.49
9.67
2.01
6.32
2.44
7.54
10.11
4.67
4.67
2.18
2.15
7.5
7.18
6.25
1.34
1.48
2.66
7.85
8.0
9.76
13.74
7.21
13.43
9.94
0.98
8.17
14.55
8.44
14.8
5.53
9.08
14.66
8.78
13.81
11.11
10.63
2.5
2.29
8.7
5.18
7.68
4.5
3.28
6.07
14.61
6.75
13.79
6.67
3.43
10.02
2.16
11.05
7.5
13.75
10.47
14.81
13.91
14.4
14.91
7.0
8.9
12.15
3.23
3.23
11.54
1.74
6.15
5.32
12.23
7.5
2.05
11.69
10.34
10.21
0.27
14.1
10.4
7.59
11.43
12.38
2.28
8.24
4.71
12.61
0.57
13.21
9.13
8.31
2.85
3.62
13.91
11.08
4.25
0.13
1.78
0.73
8.25
9.19
8.91
14.99
0.26
14.23
5.74
6.32
12.52
8.1
13.92
1.38
13.95
11.29
7.52
1.65
3.62
3.14
3.8
7.72
1.16
2.09
13.0
7.42
5.46
3.22
13.11
3.07
9.96
10.39
7.38
7.9
12.25
7.78
9.36
11.1
6.01
11.06
14.03
0.38
1.48
6.04
10.91
0.27
12.77
0.51
5.39
6.57
5.41
2.01
2.45
8.78
7.02
1.15
12.18
8.38
3.8
7.7
0.44
7.8
13.82
2.43
8.31
2.86
6.81
7.37
14.87
6.29
6.51
8.82
13.22
5.68
3.52
14.66
3.91
9.08
13.75
3.92
1.38
5.96
1.37
1.44
3.92
7.55
0.43
2.58
10.92
13.11
12.55
14.04
9.06
5.5
0.18
3.97
1.67
12.31
13.83
13.03
6.87
6.4
13.55
8.42
1.84
0.74
3.24
9.18
5.95
10.54
9.02
5.59
9.16
5.77
10.76
9.73
11.12
1.95
4.95
10.08
13.6
8.82
4.09
14.0
6.44
2.01
11.36
1.24
5.24
6.01
5.8
1.35
1.57
0.62
6.53
6.12
10.71
5.46
10.01
12.27
14.96
6.87
2.23
11.38
5.41
6.4
3.0
4.17
2.3
0.86
2.42
0.74
0.23
12.74
8.86
2.28
14.98
10.91
1.98
13.19
7.44
0.15
7.27
1.7
4.89
2.66
7.09
14.84
11.07
10.27
6.33
4.36
2.73
0.3
3.43
5.17
11.41
4.88
8.96
4.2
12.91
11.66
4.32
9.6
8.75
9.68
4.02
3.93
5.13
8.71
4.65
4.31
4.12
14.19
7.51
14.3
10.87
11.82
1.1
11.64
8.34
6.13
0.46
12.07
8.21
1.08
14.32
12.19
4.44
10.28
4.28
2.91
0.56
9.07
13.92
13.69
14.82
0.01
10.37
3.37
9.07
10.82
13.85
6.64
5.7
3.02
13.77
5.94
2.17
0.93
14.86
4.83
6.17
2.61
7.29
7.34
1.13
5.94
5.48
4.55
8.01
11.81
9.23
2.24
9.48
9.86
2.74
3.35
0.35
3.87
11.53
12.16
3.21
2.99
0.63
4.85
6.76
7.72
14.22
1.8
10.25
13.18
14.53
13.36
5.22
14.04
12.92
1.25
0.87
6.58
12.89
3.19
8.72
8.54
9.89
6.2
4.12
3.87
4.19
0.7
7.63
5.45
0.27
4.66
2.4
2.84
10.95
11.82
14.79
14.87
14.95
0.87
6.81
12.06
12.63
12.42
13.62
10.75
13.1
2.69
5.71
11.72
2.19
4.73
12.93
2.63
11.57
14.68
5.85
0.19
5.44
14.52
8.11
7.29
0.95
7.23
0.17
1.59
4.5
14.3
14.8
4.04
6.95
6.66
9.87
8.14
14.23
2.05
4.6
1.84
10.21
4.35
1.88
4.27
12.18
6.56
8.81
6.39
4.62
7.31
14.35
5.86
4.11
3.54
12.35
14.98
5.65
1.95
4.68
5.93
1.5
14.78
2.81
4.69
6.77
14.71
5.5
6.63
4.17
14.53
12.3
4.14
0.03
0.88
6.27
13.51
14.94
10.79
13.75
13.29
2.12
11.85
4.57
2.85
3.45
8.92
10.37
3.71
12.31
6.44
0.69
9.85
6.22
14.74
13.29
5.66
5.1
8.77
6.8
5.89
7.58
3.92
0.19
5.03
7.38
3.25
10.25
0.41
1.91
4.85
3.24
11.85
7.26
10.47
9.99
14.86
2.1
2.84
6.51
0.11
12.93
8.65
4.65
1.16
4.3
3.36
4.72
12.59
0.38
5.68
1.18
7.37
0.76
1.35
14.1
2.27
12.38
5.11
13.75
14.95
2.29
0.81
5.43
4.3
7.73
7.74
13.49
10.76
14.07
13.33
11.32
2.68
6.39
2.1
0.1
3.09
9.37
4.86
8.36
12.86
13.4
12.59
12.89
1.95
12.46
11.92
6.09
4.17
8.93
10.4
12.36
8.25
1.5
6.26
12.68
3.76
7.59
13.68
14.64
7.62
7.27
13.82
8.43
10.23
2.0
6.67
10.26
9.49
2.2
12.03
8.42
12.11
9.18
5.68
12.33
9.37
2.19
0.01
6.27
7.33
4.51
6.85
7.92
10.25
3.39
6.79
6.48
14.12
5.76
5.44
12.5
14.6
13.42
6.6
9.23
2.05
1.87
4.17
6.99
1.01
5.51
3.15
1.83
7.98
14.64
8.11
9.08
2.3
11.12
1.84
6.78
5.82
1.67
6.78
12.15
14.58
4.78
14.1
6.99
6.35
12.19
4.56
4.31
10.29
9.1
14.91
0.07
6.89
13.33
10.87
8.11
8.28
9.15
11.53
7.13
12.63
11.28
9.18
13.91
2.91
0.79
8.4
7.11
14.79
3.68
12.5
5.59
6.61
7.77
11.99
3.99
12.39
8.09
11.83
11.12
10.27
4.81
9.69
1.28
11.41
12.81
8.05
6.93
8.65
10.38
13.13
1.58
8.88
0.18
13.71
13.43
7.29
12.94
2.9
3.1
2.58
12.39
13.68
11.54
5.07
8.23
7.23
11.2
4.97
14.48
14.61
14.97
10.07
13.91
0.79
14.84
6.17
11.54
5.1
5.32
5.76
9.73
3.58
5.4
8.47
3.22
9.37
4.01
7.2
14.64
7.63
13.78
1.03
10.03
2.58
5.74
14.56
13.23
6.8
10.14
1.61
9.12
13.65
3.85
8.11
13.31
2.38
14.81
5.46
11.53
1.79
12.22
3.38
10.99
0.23
12.44
12.22
13.03
0.89
3.46
13.65
12.85
0.44
9.07
5.84
0.82
3.91
14.91
4.26
12.88
4.68
2.08
12.58
1.96
5.29
4.09
11.61
12.26
7.21
6.93
11.59
8.09
8.06
12.96
2.45
4.63
3.32
4.24
3.31
6.8
9.74
8.13
5.32
13.83
14.78
6.47
4.48
7.09
1.58
1.06
3.01
14.54
6.92
0.16
10.81
13.1
11.81
10.14
2.07
11.07
0.4
1.08
11.7
7.53
3.31
7.24
12.59
3.49
10.59
9.99
2.25
11.05
3.3
14.42
8.18
10.25
3.78
1.85
14.17
13.39
8.75
6.95
8.59
13.45
9.59
9.29
1.32
0.55
13.22
6.53
0.71
3.29
4.41
1.11
0.65
10.79
2.72
0.12
9.8
14.1
5.94
1.95
14.32
9.15
10.79
13.29
2.56
11.86
12.05
2.97
1.14
5.98
6.19
1.98
7.29
13.56
11.13
0.02
11.54
6.3
10.33
12.86
10.38
8.42
11.04
4.81
1.09
10.45
2.84
7.42
9.84
2.52
14.91
13.29
0.61
7.41
4.49
12.87
2.31
3.91
13.8
14.18
10.15
0.58
12.07
7.59
10.15
9.58
2.11
1.53
8.02
14.11
7.09
12.85
7.85
2.27
14.23
4.9
6.29
14.83
1.81
0.73
9.52
5.24
5.63
14.0
11.56
4.57
14.14
8.41
8.83
5.56
2.44
6.65
6.68
13.35
6.37
12.9
7.1
3.31
8.61
2.93
13.1
4.93
6.28
1.94
6.17
3.81
4.32
8.46
2.65
11.22
10.14
14.94
0.29
12.51
8.38
3.75
10.0
0.33
5.25
7.49
13.38
8.27
1.97
1.25
3.21
2.37
9.25
1.51
7.71
12.77
13.4
10.19
5.12
3.15
5.01
3.9
12.06
7.84
5.28
10.04
7.98
2.89
4.42
4.89
1.82
4.27
8.22
7.34
12.13
11.43
13.19
7.51
8.84
9.0
5.81
5.48
6.74
13.85
1.15
13.55
12.83
9.96
14.87
13.45
6.61
1.56
0.34
2.18
9.39
3.6
14.17
14.3
4.55
7.53
10.28
2.04
14.33
6.51
8.77
10.31
5.3
2.46
10.85
2.96
2.95
10.18
12.44
1.95
2.5
13.08
10.44
8.33
10.97
12.45
14.75
8.88
0.52
8.39
11.26
4.82
4.2
10.61
6.8
7.56
5.35
10.81
13.24
10.81
13.48
9.22
3.75
13.78
11.92
8.07
12.85
3.42
6.48
12.76
6.72
10.13
0.57
