14.07
2.44
11.34
6.07
8.32
4.33
7.82
11.65
2.64
12.1
4.7
2.46
11.71
3.12
6.43
12.04
1.39
6.88
7.84
8.15
6.9
0.62
5.63
8.07
5.82
1.43
2.88
4.94
10.47
13.38
1.01
14.74
5.64
3.34
0.95
13.53
13.17
13.57
12.25
8.33
3.97
14.37
2.13
13.83
10.19
7.86
7.01
1.95
11.08
11.56
14.0
9.98
9.85
10.61
7.65
6.94
9.08
0.17
1.19
1.08
8.94
0.48
11.6
7.44
0.72
9.17
10.71
2.42
9.08
9.75
0.89
0.51
14.59
4.47
2.8
11.53
13.66
5.64
5.29
13.66
8.57
14.53
4.75
6.11
3.61
7.32
8.71
11.64
12.11
5.51
7.16
2.71
12.92
11.09
9.12
9.76
0.36
11.82
4.79
7.33
6.76
3.7
4.95
7.68
3.15
0.26
6.84
13.16
9.44
3.03
10.67
14.94
12.8
10.19
0.6
3.01
13.38
8.33
8.07
2.28
12.84
6.55
2.47
14.06
7.16
6.32
3.99
12.66
14.11
11.53
3.09
13.73
2.97
8.7
12.71
1.03
0.64
12.87
10.48
6.6
8.77
7.92
8.37
6.68
0.42
2.01
4.92
12.97
4.52
4.92
4.42
2.11
4.29
13.11
3.02
0.72
6.09
5.46
1.24
8.22
0.91
11.3
12.68
5.05
4.04
8.73
4.99
12.97
11.95
14.42
3.29
9.97
10.23
14.87
3.55
12.89
4.83
10.75
8.7
2.49
2.28
9.32
5.7
5.79
7.25
12.41
4.55
4.21
11.38
10.0
4.43
9.45
4.41
8.99
1.73
3.3
4.62
7.21
10.78
14.14
6.83
8.98
1.25
5.07
14.43
2.79
14.51
0.65
7.3
13.69
12.35
9.77
5.13
11.64
13.93
8.42
9.68
9.68
3.31
13.21
14.49
6.11
7.23
12.55
2.56
0.64
3.16
9.88
13.02
10.33
11.8
10.75
0.83
3.04
6.05
9.36
13.22
6.11
6.06
2.28
2.37
9.83
13.07
10.9
12.24
10.63
12.0
6.06
10.84
8.54
12.92
9.13
10.71
14.47
5.87
12.63
12.03
9.48
9.55
9.54
2.56
8.28
1.81
9.34
14.71
3.87
7.73
0.44
11.98
4.91
8.86
9.06
3.71
13.97
12.0
9.6
13.4
2.43
2.34
7.84
10.61
14.58
2.69
14.85
7.81
1.21
6.08
7.19
12.05
0.18
14.22
12.27
5.77
2.87
12.43
4.64
4.5
0.18
8.79
2.78
3.38
8.66
13.31
2.85
3.19
11.67
1.33
0.88
0.16
7.82
8.44
14.82
8.17
13.56
8.9
12.44
4.58
11.03
9.17
4.5
6.71
6.56
11.13
14.9
10.09
3.0
9.72
7.28
1.76
10.33
5.4
6.22
0.28
1.9
2.65
3.41
8.2
5.13
4.61
8.58
5.95
4.84
1.64
11.01
3.85
8.11
4.45
13.26
11.29
1.01
10.99
12.08
9.9
12.83
0.35
10.47
8.9
12.31
5.18
10.04
10.77
11.82
10.24
0.29
10.35
8.57
4.72
5.15
3.66
3.37
8.01
10.82
5.92
9.93
5.28
3.64
0.64
1.07
6.17
6.03
6.42
5.82
1.72
1.7
1.44
14.82
8.78
8.24
6.05
12.85
3.97
11.8
2.33
4.34
6.44
13.98
12.36
10.8
14.25
0.24
3.37
1.76
4.22
9.02
0.93
7.3
13.41
13.42
11.68
9.95
9.55
6.96
6.67
1.97
8.56
3.07
1.65
14.5
13.43
9.63
12.02
6.11
9.72
3.89
6.16
5.95
5.61
4.31
11.35
12.08
3.49
11.94
12.99
3.3
12.24
3.32
13.06
13.7
8.34
4.08
14.81
5.14
0.46
3.78
12.38
13.89
3.98
14.47
12.46
12.13
9.04
13.21
13.55
7.11
2.87
3.95
9.53
5.96
8.17
1.62
4.43
11.7
1.16
7.1
8.86
7.35
12.3
4.56
9.01
12.42
13.11
14.04
3.4
5.15
9.5
0.47
2.89
10.18
4.77
8.49
8.99
15.0
12.14
8.97
8.6
5.34
13.06
0.15
10.22
9.97
1.9
8.07
4.87
7.05
14.21
0.47
4.91
6.07
12.61
1.75
6.8
13.99
3.13
2.23
6.64
13.06
1.34
5.01
6.36
12.92
13.86
7.0
8.35
2.87
11.55
1.49
12.58
5.95
10.1
6.31
6.29
0.3
12.37
3.88
9.83
11.98
5.55
13.24
1.42
13.81
8.99
9.33
2.7
9.01
3.32
10.46
5.56
13.86
14.43
14.89
1.4
7.83
4.97
14.02
13.19
6.08
1.17
9.82
7.3
8.28
5.0
6.44
2.07
5.62
1.24
8.01
12.78
13.01
6.26
12.03
10.27
2.81
6.8
14.3
11.75
3.0
0.9
8.05
3.09
5.56
10.52
5.99
5.69
3.07
3.82
11.36
6.5
7.08
7.44
13.38
0.42
5.83
3.5
12.89
2.77
0.54
9.42
3.49
8.92
5.09
8.11
6.96
9.02
7.46
9.89
2.64
6.73
14.19
12.35
4.12
9.57
4.73
4.16
14.52
12.79
0.04
13.18
3.0
1.81
1.47
3.0
2.28
10.42
12.84
12.89
7.67
6.68
11.49
0.71
8.69
10.21
3.04
9.17
8.75
4.94
6.86
5.79
11.04
5.09
9.05
0.42
0.34
7.05
4.87
12.08
11.65
11.91
3.31
4.39
10.47
1.06
12.96
6.79
0.34
12.84
5.23
14.48
12.64
12.17
14.31
0.33
2.88
10.14
6.24
6.81
5.22
12.48
8.4
11.03
14.71
7.44
11.72
12.15
10.1
10.21
1.51
8.03
1.65
5.03
10.49
6.9
6.49
3.14
11.4
12.26
9.97
2.09
11.37
2.3
3.73
3.92
10.69
11.48
7.09
1.14
12.14
6.49
13.38
13.68
13.88
9.72
5.03
12.36
3.83
14.17
12.11
11.39
13.52
1.08
4.34
8.35
7.91
1.75
9.29
14.43
11.13
13.23
2.19
2.41
8.28
9.87
10.94
12.52
6.16
8.84
11.37
2.18
5.79
8.93
8.31
4.66
14.24
14.44
13.46
11.0
8.9
6.38
12.0
8.49
0.77
12.48
10.37
14.2
13.63
13.72
2.83
11.59
14.26
6.94
8.37
3.79
5.49
8.52
3.43
13.55
12.94
11.59
1.7
10.42
3.12
12.6
11.95
7.71
2.99
2.95
7.24
7.88
2.12
6.85
0.97
14.1
7.05
2.72
0.24
12.72
13.26
5.25
5.13
12.08
7.17
1.71
2.28
2.03
3.94
11.17
8.41
1.91
10.89
3.77
12.66
9.98
13.17
1.04
6.18
3.4
2.21
3.86
3.35
4.4
11.0
9.59
13.06
2.66
3.85
5.35
14.13
7.19
13.93
6.49
7.54
0.77
0.93
13.62
1.09
1.38
13.78
14.5
7.21
11.7
4.7
11.76
1.48
12.82
9.7
1.17
13.58
4.53
11.24
12.59
1.66
4.86
13.65
14.35
3.34
7.35
2.89
8.21
9.14
4.74
1.46
7.66
3.26
11.47
7.12
11.33
12.88
2.06
1.62
14.33
2.12
7.2
11.0
6.41
8.34
9.64
11.76
2.37
4.2
1.69
14.58
5.81
9.07
10.68
10.97
2.2
13.15
5.35
5.64
2.93
12.0
11.71
13.0
7.67
8.85
1.25
7.74
4.64
11.52
5.49
2.48
9.93
14.81
3.41
5.87
8.27
8.77
6.69
7.82
0.44
4.52
6.81
11.19
6.29
0.24
4.74
11.25
12.47
4.1
12.19
0.42
13.04
0.42
1.36
10.25
0.56
7.83
9.81
3.08
1.94
5.36
14.32
6.78
7.69
7.54
4.97
14.41
13.5
1.78
8.71
5.6
8.15
8.25
3.61
13.26
13.74
2.6
13.95
13.87
11.99
2.43
14.17
6.16
3.23
9.68
1.27
10.27
10.55
0.34
3.08
6.68
11.21
9.51
10.0
6.28
11.69
9.17
14.14
2.08
11.08
1.55
11.65
5.51
13.3
1.04
5.81
3.33
8.14
10.56
3.05
10.28
7.55
0.09
14.36
9.08
6.33
0.04
5.01
4.35
6.42
7.11
3.47
0.25
2.97
14.92
5.17
11.09
2.34
10.26
5.08
11.0
2.0
3.79
13.84
5.9
7.83
7.57
9.26
9.31
14.71
11.44
5.11
9.66
8.04
4.08
3.38
5.9
9.78
14.49
3.21
14.21
12.36
8.01
7.86
7.11
13.52
3.09
8.85
0.13
0.57
3.35
13.22
11.14
5.65
14.33
7.96
0.57
13.55
3.63
1.32
7.69
1.41
2.1
14.27
11.52
3.24
0.25
9.84
12.93
4.21
14.35
4.37
3.78
9.41
2.72
8.15
3.78
3.93
4.62
8.37
14.53
14.4
13.4
6.74
2.72
9.79
3.18
10.55
6.36
4.61
12.56
1.84
8.97
7.36
3.77
5.1
2.74
12.94
14.09
14.74
8.04
10.29
7.13
3.84
12.11
1.59
14.66
12.67
12.67
6.73
0.62
2.12
14.5
0.6
7.8
6.67
5.91
3.66
10.61
13.77
11.94
12.94
0.26
10.39
9.26
14.13
1.82
0.94
12.04
1.44
11.3
4.36
8.65
9.56
14.02
0.82
14.22
2.61
12.71
11.1
10.39
4.24
6.73
8.11
9.12
11.9
0.83
5.54
9.43
5.19
0.75
2.78
3.12
1.65
1.58
11.79
14.46
11.38
9.48
7.61
12.33
9.58
10.16
8.56
3.51
7.68
2.18
13.74
9.65
11.26
13.32
6.12
5.4
6.63
4.38
9.12
6.25
12.99
8.55
5.13
14.56
14.91
0.81
10.82
3.13
11.26
2.32
14.57
4.5
0.41
5.41
8.38
11.25
5.75
13.28
8.52
5.06
9.21
10.32
10.01
13.35
8.46
10.76
4.77
4.38
3.83
13.42
12.39
0.07
11.42
5.73
9.17
13.01
4.85
10.99
1.57
6.01
7.37
3.92
3.01
13.16
5.46
2.03
11.33
12.69
7.26
5.29
5.88
14.7
3.36
12.97
8.54
7.82
2.95
13.24
12.49
3.74
11.75
6.29
11.72
14.05
9.88
4.21
5.61
7.87
3.25
6.84
11.59
2.39
1.94
9.03
