12.86
6.49
0.61
10.16
10.59
10.82
2.92
1.3
7.05
4.04
14.76
3.31
2.5
12.25
2.92
10.98
5.77
13.38
1.57
3.31
4.86
1.89
1.29
3.34
12.84
12.94
3.75
1.71
1.9
2.95
12.43
9.46
4.22
1.86
9.2
11.51
8.25
8.47
0.15
10.45
14.4
7.09
4.04
12.23
5.49
10.53
7.51
12.15
2.88
0.84
6.15
13.76
14.91
11.66
5.44
9.2
6.32
9.01
0.12
14.97
11.93
10.66
2.0
2.02
13.89
10.8
8.47
12.74
5.37
5.6
0.16
8.84
5.15
1.14
10.49
12.62
8.46
6.12
1.37
4.98
11.19
3.98
7.36
0.87
7.62
4.76
5.09
10.51
1.5
2.09
11.78
1.43
5.92
14.61
1.29
12.63
11.01
0.52
4.78
11.42
12.02
13.43
8.19
14.64
10.6
0.83
5.23
12.52
0.08
5.61
7.0
5.95
0.81
4.4
9.74
2.46
2.34
4.62
5.11
5.98
12.31
1.94
0.1
14.66
7.49
8.64
3.86
0.69
3.71
3.56
0.86
4.23
9.09
5.08
11.41
3.32
14.45
12.31
12.2
6.25
0.04
8.75
2.28
6.02
14.44
7.99
5.34
12.12
6.1
8.82
3.67
13.82
12.22
11.29
9.97
14.47
10.34
7.96
5.59
0.32
13.02
11.95
6.61
9.81
9.6
6.67
6.03
4.34
3.76
3.75
13.58
1.99
7.31
14.42
4.98
5.42
1.23
8.97
9.7
5.68
13.14
12.82
5.65
11.55
0.57
10.8
5.68
5.47
2.56
10.53
14.09
8.74
2.8
13.86
13.35
1.05
0.83
2.26
6.66
2.68
7.37
7.6
8.86
14.82
2.82
2.14
9.45
4.57
11.34
2.43
1.58
4.95
13.31
10.13
7.29
12.51
8.03
0.41
14.06
1.19
0.72
14.98
4.02
2.33
8.42
12.37
9.52
13.66
14.66
11.14
2.6
6.05
0.74
14.83
7.41
14.62
1.39
7.12
9.05
4.41
11.62
10.8
8.08
2.94
2.24
13.42
4.29
4.48
9.59
14.66
2.93
10.95
12.07
9.67
11.16
8.86
2.1
0.89
10.48
12.7
1.28
9.79
12.5
13.99
14.87
12.29
13.93
1.23
5.3
1.25
5.02
12.95
3.97
3.33
12.79
4.1
7.83
6.45
14.85
1.83
10.78
3.43
1.52
11.25
5.6
12.01
3.73
3.52
3.29
11.29
3.45
14.52
5.12
13.8
8.19
2.86
12.8
6.24
1.97
6.58
8.99
8.57
12.78
9.27
0.57
12.41
13.14
5.39
8.32
8.27
4.43
5.04
8.03
7.49
13.35
0.47
8.98
7.59
11.43
2.92
11.15
7.64
10.32
10.37
12.44
6.94
4.15
8.04
5.2
3.82
0.68
11.9
7.11
4.86
8.37
8.9
11.41
10.7
14.56
12.91
4.46
7.54
0.99
11.77
0.56
12.49
0.54
4.29
14.11
0.99
7.85
13.84
10.47
1.79
8.62
8.71
6.06
11.41
12.13
1.69
7.38
6.23
8.57
2.94
11.08
11.21
6.28
11.82
14.32
6.57
6.98
4.38
12.77
8.77
8.85
7.25
0.47
4.73
10.64
5.36
7.35
9.66
6.85
10.11
0.58
13.3
5.86
6.01
13.94
6.42
6.11
10.16
4.88
12.33
13.31
0.68
1.44
0.96
1.12
11.73
8.8
1.53
6.98
10.91
11.5
1.78
13.96
1.77
10.5
1.24
5.07
14.65
11.49
2.23
9.23
13.64
9.9
7.22
2.54
10.73
12.97
2.9
5.12
11.42
5.69
0.45
13.0
9.43
13.12
8.19
2.57
5.79
5.14
3.58
1.63
8.94
5.11
9.37
3.53
7.25
8.57
11.71
5.34
10.02
4.38
1.3
7.17
8.2
8.95
6.96
6.85
4.03
3.95
7.72
3.84
0.23
9.97
14.72
0.52
10.38
14.01
13.61
14.77
6.83
6.91
13.19
3.72
12.79
7.82
2.03
4.35
14.3
2.82
13.87
4.3
5.67
12.47
11.37
8.59
4.62
7.66
0.51
12.78
2.82
13.36
4.97
13.18
13.74
2.78
11.47
7.14
0.45
13.71
13.61
8.2
2.99
10.34
5.02
7.59
1.2
9.73
7.17
10.35
2.72
11.56
9.12
10.47
9.59
9.1
6.64
6.0
1.25
6.51
10.09
7.37
2.28
0.76
6.43
0.66
11.35
9.72
14.32
12.24
14.63
10.2
11.26
13.72
8.57
11.5
13.95
3.99
4.42
13.33
14.3
12.22
13.73
0.53
0.69
5.28
2.44
12.22
11.02
13.34
10.26
1.92
5.22
13.3
10.8
12.98
10.77
11.48
3.48
8.92
3.77
1.2
14.13
5.83
10.89
5.74
6.35
9.01
13.97
1.75
3.89
8.21
0.89
2.14
7.23
12.91
11.61
7.42
5.83
8.51
9.25
7.29
11.32
12.5
1.23
8.44
13.02
9.85
9.4
4.58
2.63
10.01
9.37
13.28
13.51
13.48
3.88
0.61
12.44
11.22
1.29
7.25
10.92
0.57
8.59
1.77
10.46
7.16
8.63
13.01
8.31
9.19
3.99
3.08
4.31
8.37
2.18
2.66
7.19
5.37
9.41
6.25
2.03
13.06
1.43
0.24
11.63
2.72
0.86
2.92
1.32
5.14
7.83
2.52
13.09
5.24
10.15
4.38
8.19
12.75
14.58
3.04
0.45
9.6
2.94
13.46
12.53
12.66
9.24
2.1
6.88
6.31
2.25
14.86
2.09
13.34
4.26
3.13
7.18
5.48
5.72
11.13
14.39
14.27
7.04
7.73
5.56
7.92
6.7
0.29
7.16
12.72
10.33
6.43
14.74
13.36
13.13
10.4
1.44
3.26
6.65
0.83
11.23
5.39
13.82
14.51
8.35
4.66
1.42
1.94
1.06
5.18
11.41
8.91
4.22
4.02
11.52
2.11
3.86
7.48
4.48
3.01
4.97
10.23
4.88
5.95
8.49
5.0
14.14
14.38
7.25
9.2
8.27
5.93
7.74
5.36
1.79
9.45
14.9
6.7
5.58
12.3
8.54
10.4
9.74
9.9
11.98
6.15
13.43
10.84
7.35
1.32
7.71
0.99
10.49
11.39
13.56
3.15
3.82
4.54
1.1
6.53
0.07
13.74
13.41
11.17
0.96
14.21
5.52
9.18
9.61
5.36
9.84
5.22
4.44
13.61
12.83
11.5
5.36
12.85
6.87
5.35
2.03
3.51
7.8
6.51
2.07
10.33
2.32
14.05
8.65
6.48
7.34
7.76
1.77
6.78
9.26
1.77
13.24
7.6
7.81
10.38
11.84
10.91
4.92
9.93
7.41
3.61
7.26
11.78
8.14
6.54
1.58
12.13
2.13
0.36
10.5
3.44
12.74
8.03
10.93
6.5
7.1
11.36
8.83
4.94
5.55
11.0
8.69
8.31
1.03
14.82
1.06
6.91
11.34
11.18
10.56
10.07
0.01
6.78
5.4
8.5
2.1
4.94
14.99
6.27
4.58
4.31
8.99
11.26
2.86
6.66
2.22
5.88
12.2
4.81
1.57
2.88
0.69
7.45
9.5
13.67
8.98
11.48
4.99
0.89
5.48
13.32
5.72
1.81
7.12
8.37
5.18
2.37
14.5
6.08
0.68
4.86
12.88
13.93
4.62
11.2
5.21
0.87
12.07
7.61
8.8
8.76
4.41
1.72
5.21
13.83
2.54
6.26
12.56
3.52
4.25
3.4
5.75
11.08
9.46
10.61
5.96
10.74
10.2
2.61
1.08
2.45
3.4
2.21
8.18
9.07
12.19
3.46
11.92
12.03
11.78
9.57
0.77
14.95
11.72
10.71
13.65
2.43
2.7
13.81
13.8
11.03
4.51
3.39
11.47
1.12
8.69
12.27
3.65
0.33
14.14
7.22
12.25
5.74
11.89
12.41
10.91
14.82
8.05
13.31
9.32
14.25
10.18
0.69
10.49
9.88
1.11
13.12
14.94
4.16
13.67
12.92
8.27
12.53
5.62
9.89
10.1
2.2
8.96
13.32
8.2
6.95
7.53
7.71
2.13
13.27
4.4
3.8
4.19
14.13
3.88
0.93
0.06
2.08
14.03
8.85
6.9
10.43
9.65
14.07
13.01
12.38
7.34
4.08
7.14
3.62
12.77
3.22
10.78
13.35
11.19
0.27
13.81
5.35
3.84
0.35
9.16
12.77
3.45
12.9
10.55
11.75
3.62
3.69
6.37
9.48
13.56
13.45
9.25
6.35
4.59
8.37
6.66
10.93
6.42
7.23
6.71
10.34
13.88
14.49
6.18
0.36
8.58
6.18
11.22
4.43
14.82
7.77
12.06
14.14
5.89
13.47
11.81
7.31
12.27
14.18
0.61
6.54
9.24
3.24
5.15
1.47
3.62
13.33
1.64
5.09
11.4
4.25
2.68
0.97
12.92
5.34
2.95
13.38
13.14
10.5
14.98
1.15
0.65
11.79
0.92
8.34
7.63
10.68
4.52
9.31
7.37
4.99
5.01
4.64
11.8
4.78
3.97
0.06
12.15
6.37
0.36
11.74
13.05
12.49
4.36
7.58
9.26
11.68
5.39
14.11
5.92
11.67
1.91
6.87
4.12
2.29
10.37
2.68
10.91
4.96
0.68
6.59
10.83
13.33
14.74
1.15
14.37
14.68
14.36
4.89
5.62
9.99
0.35
6.08
2.08
9.67
13.06
1.93
2.7
8.53
6.0
3.78
10.13
1.52
4.64
4.16
4.46
9.86
12.67
6.82
4.29
14.79
6.69
5.81
9.9
1.64
7.04
7.49
1.63
7.77
11.43
4.68
8.93
8.46
3.04
0.58
0.82
2.35
3.79
8.55
1.61
12.07
12.82
14.39
13.27
6.71
8.48
7.42
12.38
0.72
7.34
14.65
13.24
5.35
4.27
0.28
14.3
14.96
5.19
6.68
10.95
0.58
6.08
11.28
10.53
1.35
9.95
3.55
11.86
0.53
7.07
9.04
14.91
9.09
11.36
9.01
13.99
10.71
12.84
13.62
13.6
4.1
10.12
2.02
12.03
7.67
6.55
1.48
12.99
0.4
9.08
9.23
10.71
13.65
5.44
2.22
14.76
14.21
2.14
2.42
5.02
12.43
11.98
7.63
12.22
9.7
0.7
8.1
10.73
12.9
1.4
10.62
7.82
5.94
14.63
