1.49
7.55
8.6
3.1
1.89
1.72
5.58
6.86
6.24
1.44
3.94
1.61
13.2
0.78
4.22
4.8
0.77
5.34
11.96
9.95
9.84
9.85
10.96
14.91
8.3
8.05
9.11
11.84
3.4
9.01
11.54
9.51
5.87
5.34
2.42
4.04
2.72
4.86
6.71
0.97
2.03
6.5
13.0
5.48
1.92
6.98
3.99
6.13
8.63
2.45
8.57
1.54
3.51
3.25
1.07
9.31
7.95
3.32
9.56
11.71
1.8
4.87
6.69
13.6
11.52
12.42
3.22
8.62
6.49
10.17
11.77
4.45
9.86
5.54
7.98
7.61
6.13
5.55
4.57
2.1
0.59
3.51
2.17
11.34
5.62
4.59
10.05
3.64
11.93
9.06
5.72
11.7
0.41
13.72
3.81
6.02
6.01
3.16
13.71
7.47
12.78
10.51
0.93
11.64
7.19
4.17
3.59
11.2
8.34
2.98
1.9
3.55
6.03
6.88
8.09
11.45
3.45
7.13
14.23
12.22
5.63
8.66
13.68
14.8
12.48
12.23
2.43
14.37
0.86
4.19
14.46
4.61
4.97
5.51
13.54
14.09
5.87
1.7
0.18
7.71
8.82
0.42
9.56
0.37
8.26
13.01
14.1
12.56
9.42
4.53
14.17
6.68
5.85
5.52
7.35
11.24
14.03
3.69
6.21
6.05
12.59
2.86
10.19
3.63
9.58
14.41
5.1
1.16
5.02
13.07
5.64
3.25
2.88
9.79
13.6
8.55
12.9
5.85
5.16
2.33
8.59
4.79
3.4
0.78
7.75
2.35
3.82
4.53
14.75
13.78
10.13
3.59
10.92
2.75
12.98
0.74
11.59
2.12
3.54
6.01
0.51
11.64
5.49
8.17
14.86
9.79
13.0
6.41
1.14
11.81
0.76
13.41
7.7
6.32
6.36
4.15
10.88
8.87
14.85
5.01
3.58
11.83
0.89
8.31
14.44
13.66
11.33
4.86
8.24
10.15
0.29
14.93
4.95
10.92
5.12
9.34
8.14
13.49
0.51
12.09
14.55
13.46
9.97
5.11
13.73
9.57
4.09
3.47
14.95
12.91
1.0
12.09
0.9
7.17
13.95
13.4
10.25
11.94
8.72
2.77
12.03
8.38
7.41
0.31
8.7
11.59
14.39
1.97
7.45
13.66
9.01
10.37
7.45
11.9
13.11
10.64
10.06
11.42
9.79
3.08
5.42
6.84
12.59
9.47
9.8
3.99
10.15
2.28
8.93
2.55
8.54
2.9
13.87
11.48
4.71
8.49
5.05
13.43
6.36
4.41
10.74
12.28
11.74
2.94
11.84
11.69
2.27
6.82
14.85
14.41
9.5
1.71
3.33
9.87
5.21
8.61
3.33
0.11
6.59
10.71
1.19
4.75
5.13
1.8
4.46
10.67
12.08
11.47
0.24
1.79
7.75
12.95
8.25
11.32
0.15
12.23
2.92
2.8
11.82
10.18
3.48
6.36
4.63
11.09
0.09
0.3
8.52
1.75
10.91
9.27
6.4
10.16
8.46
10.85
10.94
2.88
8.25
0.78
8.93
0.74
2.53
6.48
14.17
1.34
9.19
11.13
8.04
7.45
8.74
0.27
14.33
9.07
14.37
7.48
1.84
2.59
4.29
13.41
7.91
1.39
3.57
8.79
6.92
5.06
7.95
11.49
1.88
5.51
13.68
7.61
4.57
12.74
14.78
8.55
1.63
10.21
9.56
3.56
14.13
3.93
11.37
5.48
11.86
4.25
2.08
12.17
9.85
7.62
5.94
9.99
8.33
8.93
14.21
8.32
7.07
0.03
12.52
13.95
9.21
13.03
14.85
4.26
10.56
4.02
0.75
7.42
11.26
10.52
12.81
14.95
4.36
3.1
8.88
7.82
6.61
5.06
4.16
12.39
13.77
11.55
13.17
13.7
14.13
4.68
5.55
10.73
2.98
2.47
11.1
2.04
0.32
2.55
12.43
2.04
0.02
11.34
14.46
7.17
12.66
5.26
8.44
3.82
5.87
9.68
10.09
12.72
13.34
1.23
5.77
8.33
5.04
11.7
12.43
11.98
6.05
5.48
7.13
1.65
10.68
6.11
11.92
9.07
3.73
2.57
10.98
6.18
14.79
14.59
6.62
5.35
5.87
8.48
4.32
3.44
5.03
8.06
13.9
8.17
4.5
12.68
13.14
3.84
11.22
1.45
8.17
4.89
4.92
7.94
4.95
2.31
11.74
12.02
5.58
3.29
3.11
13.29
5.61
10.24
12.02
4.2
10.32
14.25
4.85
2.17
12.08
4.64
10.64
0.97
9.88
5.64
8.96
9.18
14.12
6.92
3.19
0.0
10.78
10.91
4.12
6.8
3.56
0.05
12.89
6.02
5.39
2.85
2.17
5.34
12.86
8.93
14.81
12.49
6.91
8.63
14.79
5.06
4.98
8.03
0.79
8.47
0.52
11.52
9.65
12.56
3.28
13.42
14.72
6.25
14.29
8.14
4.82
11.37
6.44
14.03
3.48
7.96
12.75
1.27
0.22
1.2
6.17
1.6
10.36
2.23
6.18
7.07
14.33
9.43
8.25
3.83
6.63
4.47
0.19
1.42
12.1
11.83
13.42
3.99
13.75
11.74
5.44
14.16
9.91
7.87
10.13
3.34
1.73
9.4
2.48
9.76
12.86
11.06
1.85
13.69
7.87
14.89
3.96
7.69
12.83
7.34
2.64
2.87
13.65
1.74
3.04
10.09
12.39
10.67
1.55
14.04
7.1
0.54
9.03
0.06
6.87
12.27
4.28
11.56
9.68
4.28
14.17
13.98
7.05
3.74
5.26
9.53
8.27
3.81
14.47
5.05
1.6
3.42
14.89
3.97
1.84
13.25
0.66
11.78
6.41
9.04
10.01
6.68
12.73
9.09
0.28
10.11
7.09
1.42
10.65
4.44
11.91
6.15
0.28
4.92
5.89
0.98
0.43
5.78
11.34
7.2
8.63
7.04
3.26
6.16
13.9
3.7
1.42
10.65
3.43
3.27
14.04
3.48
6.8
10.52
12.46
5.48
0.11
12.96
4.89
7.04
10.32
5.69
4.96
5.46
12.09
12.0
12.45
10.28
4.95
0.5
1.93
6.4
6.89
9.45
11.51
5.41
6.03
12.17
2.92
10.58
2.85
5.09
4.89
1.42
11.97
6.23
2.76
12.0
12.19
11.45
10.41
11.9
1.98
14.91
9.17
11.12
3.32
13.97
1.58
9.84
9.19
1.04
1.91
6.56
14.28
10.52
11.25
3.89
14.95
13.65
2.52
13.92
0.04
10.45
9.95
7.99
3.06
4.04
14.18
6.57
14.14
8.08
5.78
6.26
12.15
14.55
5.72
8.97
2.51
6.73
8.57
5.45
5.78
13.84
12.36
5.8
4.23
6.54
2.94
6.57
3.21
6.78
11.83
14.03
6.53
2.24
7.83
11.65
7.95
4.78
14.81
4.27
13.44
13.32
13.64
9.36
13.75
7.73
7.35
10.33
10.02
8.34
1.83
7.18
3.3
14.16
3.4
3.66
13.22
12.7
12.63
12.2
7.62
3.21
7.9
12.25
1.78
10.52
0.07
9.19
14.33
11.15
5.14
0.45
3.14
6.27
1.21
9.42
9.07
0.86
5.39
3.52
8.24
1.08
13.71
5.13
10.08
2.81
1.46
5.5
4.58
4.61
5.22
4.13
0.26
2.43
5.37
8.7
7.88
14.73
9.17
10.15
12.32
2.07
7.71
8.1
8.74
1.94
12.96
3.17
4.38
5.0
3.92
14.6
10.88
6.05
12.23
8.87
6.15
13.39
2.99
6.3
3.9
4.37
4.05
2.75
6.31
12.07
13.81
3.53
2.15
13.49
9.85
13.94
7.66
12.63
4.55
13.45
13.1
3.03
11.12
12.78
12.86
11.71
12.97
6.82
9.0
7.97
0.46
1.87
12.39
7.57
3.66
4.75
8.91
8.31
12.21
3.61
9.59
10.6
10.83
5.7
1.3
4.8
0.05
1.28
7.03
6.67
10.51
1.91
6.63
6.44
4.58
13.82
5.12
8.36
12.35
12.36
3.73
1.63
14.76
3.38
1.96
12.67
6.03
9.54
11.52
7.62
0.07
9.84
5.93
2.34
12.55
4.38
6.91
10.94
14.65
2.03
14.08
2.41
14.44
7.88
14.38
12.56
4.51
4.47
1.96
12.55
7.15
13.82
2.9
1.86
12.89
9.68
11.33
7.16
0.93
7.54
0.03
12.27
10.75
14.73
12.32
4.65
5.74
4.14
14.33
1.34
1.6
0.3
8.59
3.68
5.03
3.08
13.05
12.19
6.87
13.7
10.91
5.42
14.06
9.03
13.57
3.74
9.19
12.54
2.99
7.16
12.9
8.39
7.91
13.09
11.35
7.31
9.48
7.8
13.34
13.53
0.79
1.47
12.48
7.28
1.73
11.27
13.08
8.73
2.95
8.88
4.9
1.64
11.68
12.27
4.71
0.04
9.47
4.26
14.43
2.26
4.28
10.09
7.09
14.23
8.53
13.11
3.5
10.83
6.97
0.19
4.5
10.12
2.94
8.42
14.43
0.4
7.82
4.04
7.21
9.18
8.8
3.38
7.34
1.91
12.55
2.46
11.79
8.32
4.14
6.75
4.71
10.91
1.55
4.31
12.03
5.76
6.16
14.29
12.44
3.82
14.76
8.58
13.44
5.33
5.65
6.47
10.95
12.39
6.28
8.23
1.12
6.38
12.47
5.47
12.1
14.71
11.63
2.44
2.18
3.18
6.61
3.93
10.43
12.63
10.77
8.89
1.36
10.28
1.36
6.54
13.43
3.7
14.95
8.66
8.68
12.69
9.46
10.76
0.52
9.92
1.58
8.67
13.41
1.83
11.15
9.77
9.25
0.51
13.8
6.01
11.06
2.17
14.64
7.7
6.86
9.8
6.02
4.09
9.13
8.4
5.34
8.28
5.14
3.53
7.03
14.39
10.31
0.23
6.36
3.22
8.86
1.44
9.57
1.33
10.45
1.13
13.83
11.84
6.51
6.36
13.61
9.16
0.39
3.8
10.75
1.67
2.6
0.0
11.16
13.6
8.48
4.15
3.05
13.21
1.03
7.2
11.92
5.03
1.36
13.02
3.92
3.31
3.3
9.46
10.23
4.29
11.77
12.67
14.44
13.92
9.77
4.7
5.36
8.36
5.04
0.36
7.05
12.27
3.06
9.48
0.42
6.41
2.19
12.37
5.01
3.11
10.61
14.41
2.91
5.01
8.54
12.91
