3.68
6.5
8.6
4.7
1.21
8.03
1.76
1.89
8.8
6.76
12.17
11.48
12.29
4.68
8.94
13.85
2.79
0.59
14.12
4.67
10.12
5.3
10.25
8.69
9.97
9.15
7.02
10.8
1.96
1.83
11.93
12.98
7.33
12.05
0.53
12.02
10.23
3.51
12.77
11.23
10.79
8.65
8.19
6.48
7.39
13.61
8.17
10.66
3.77
11.13
5.6
0.05
1.82
3.99
5.35
13.42
3.36
0.24
7.34
10.64
2.52
10.99
3.17
3.17
5.01
12.04
1.07
14.9
8.6
7.31
10.24
14.45
0.79
8.81
3.44
6.65
3.46
4.8
6.35
7.97
2.88
5.05
0.41
4.46
9.29
4.18
10.68
3.77
8.05
0.62
11.62
6.01
5.91
1.24
13.36
13.85
7.25
14.07
11.0
11.78
1.88
5.6
2.4
9.44
12.17
11.03
2.93
1.81
8.03
5.22
1.27
14.1
7.74
10.36
11.53
4.34
6.48
2.74
6.11
1.79
6.3
13.1
14.83
5.49
14.41
3.14
5.85
6.34
3.42
11.35
6.52
5.71
7.04
3.44
11.3
2.9
1.37
5.49
3.57
7.69
6.34
5.65
11.87
4.37
10.45
6.39
5.42
12.53
5.11
13.56
4.83
3.88
10.04
6.16
3.52
5.52
6.8
1.85
2.86
2.01
8.24
13.95
9.94
9.85
3.18
8.75
9.14
12.8
7.4
12.76
5.06
7.47
10.3
5.47
11.39
7.85
8.59
13.29
2.26
3.89
10.16
12.54
7.93
12.31
7.88
0.55
8.07
9.4
0.95
9.57
11.93
8.25
7.88
10.89
1.71
13.94
14.37
5.71
8.03
6.44
8.58
7.63
3.97
9.65
3.2
5.77
6.7
5.68
13.1
3.92
2.17
5.71
14.71
7.67
5.9
5.1
8.81
8.24
10.94
10.64
11.37
6.2
0.15
4.83
11.19
9.9
14.02
11.42
1.42
13.38
6.32
1.4
5.26
7.2
9.43
5.34
11.15
0.52
6.38
0.43
6.85
12.06
8.92
6.9
9.25
12.58
4.34
14.66
7.77
2.25
10.68
6.93
5.87
1.18
7.06
9.15
11.5
9.91
10.4
14.64
1.61
6.18
12.77
11.76
10.47
9.06
7.97
5.57
14.45
7.02
3.06
3.11
2.07
14.92
1.42
12.56
5.89
4.31
13.87
0.48
6.6
0.87
13.7
5.21
11.91
10.52
8.18
2.47
1.47
14.89
9.81
1.06
8.19
14.01
12.98
5.76
7.76
2.22
8.53
13.18
5.67
6.63
14.58
11.47
5.52
7.5
9.59
2.02
9.14
8.16
9.48
4.9
14.87
7.81
8.58
2.65
1.66
8.17
13.34
13.86
2.35
13.85
1.87
3.22
8.93
13.44
4.6
8.65
3.84
1.38
4.61
0.83
7.42
3.55
8.6
0.81
11.54
3.39
9.56
13.62
8.42
0.93
8.27
0.31
9.22
0.15
1.36
8.59
1.2
13.42
13.52
10.06
5.08
7.64
11.25
2.33
9.44
10.22
10.8
13.64
14.39
9.3
7.03
8.6
14.88
2.4
6.03
3.66
11.92
8.52
13.14
3.02
12.23
7.59
2.4
0.1
5.87
8.51
6.07
7.76
1.36
1.37
8.52
6.08
14.28
8.13
13.5
5.28
0.75
6.17
11.55
4.95
1.57
13.81
1.95
3.5
9.46
3.23
14.39
11.86
12.1
12.24
14.66
11.05
10.37
9.59
13.28
0.75
9.54
8.25
4.49
14.41
11.27
1.75
3.23
14.32
11.67
12.11
1.7
1.93
10.13
6.03
6.01
6.42
3.86
7.07
13.98
7.49
14.69
12.81
5.77
10.16
3.93
9.42
6.79
14.0
12.73
8.23
14.68
10.53
3.11
4.33
0.22
3.66
1.1
8.9
9.75
0.73
6.64
12.38
8.76
4.2
6.99
3.23
7.17
3.89
7.8
11.49
10.17
6.42
5.5
10.71
2.09
7.99
5.75
7.58
2.61
1.79
2.27
2.77
1.84
11.37
1.54
4.88
12.3
2.12
10.99
4.49
3.54
3.27
3.61
0.9
9.71
8.99
14.86
11.07
6.91
0.35
9.89
10.27
9.33
13.36
5.78
2.89
12.61
7.13
0.6
2.56
14.72
6.36
2.98
12.43
3.46
7.44
12.71
5.68
5.3
10.92
1.09
13.87
13.6
13.93
14.39
3.14
2.49
6.17
4.3
4.04
6.18
12.59
12.59
5.16
2.84
6.92
9.13
9.86
1.1
11.97
11.46
3.8
1.95
3.61
12.5
1.67
11.19
2.16
13.86
4.83
1.32
13.64
11.14
7.6
3.75
6.92
6.49
1.94
1.11
11.44
11.88
13.01
13.1
2.32
4.64
3.11
3.59
11.25
9.21
8.91
14.27
1.49
8.68
10.41
14.8
12.95
6.46
1.07
5.79
1.6
10.03
3.46
10.54
5.39
9.67
13.59
2.02
13.05
6.73
13.53
7.92
6.9
11.28
12.6
8.55
11.46
3.48
11.23
14.39
10.25
7.54
9.47
9.69
5.44
1.31
3.09
2.55
14.44
14.46
1.53
14.72
7.29
11.22
11.42
2.55
8.58
5.62
13.3
2.15
8.71
4.55
3.78
10.79
12.38
14.94
13.72
8.72
5.53
5.66
4.25
14.17
2.12
13.5
3.77
9.24
10.66
4.45
14.69
10.79
2.19
8.01
7.01
7.8
11.32
11.03
1.98
7.01
4.28
4.09
1.13
11.22
10.37
6.54
3.72
1.82
12.49
3.2
8.59
14.16
3.02
14.42
3.53
2.58
0.3
9.34
9.52
1.17
2.73
0.23
4.16
2.77
4.78
12.11
6.83
5.11
14.32
10.41
1.13
2.04
14.16
12.83
7.77
1.37
9.87
1.81
13.86
12.16
3.52
1.39
8.68
12.87
4.59
7.81
0.96
8.86
8.35
5.48
5.55
1.67
14.43
12.75
11.86
14.36
13.0
4.8
8.41
0.41
6.9
5.03
12.92
0.22
9.41
0.61
12.17
9.17
10.89
4.54
2.75
10.16
1.28
8.05
8.43
10.92
3.83
10.48
1.33
4.36
4.54
5.95
2.36
14.99
8.87
14.06
14.7
5.83
14.97
0.72
10.38
11.04
1.17
5.52
3.05
13.36
4.54
14.23
8.88
1.97
9.21
9.68
8.51
6.7
7.79
14.71
5.06
9.5
8.52
8.52
4.56
14.0
3.74
8.36
1.2
14.72
5.35
0.67
3.87
2.48
6.34
7.81
6.13
10.48
0.75
10.08
0.69
3.48
13.29
10.89
8.11
12.66
7.18
4.59
8.89
3.8
6.37
6.75
14.47
8.29
5.52
13.51
8.41
14.73
3.1
6.03
1.37
6.91
12.27
5.23
6.85
6.32
0.59
0.59
5.99
7.81
1.63
11.14
0.72
12.26
1.25
6.62
10.05
12.64
3.75
11.0
10.39
9.69
8.87
7.94
10.49
13.95
11.87
5.78
9.43
4.09
9.7
9.99
5.39
6.13
4.64
11.66
9.84
2.27
2.05
5.31
12.41
10.65
8.68
13.62
12.96
14.76
14.14
8.66
0.14
0.25
4.14
6.84
8.43
1.45
2.38
0.56
9.04
11.21
6.08
5.3
3.84
0.23
0.55
14.51
12.09
6.53
0.5
3.69
1.02
2.89
6.42
2.14
6.05
3.16
12.51
14.4
6.44
5.67
10.56
8.79
13.1
0.12
12.39
8.95
10.02
6.55
4.16
10.9
12.58
7.02
10.49
10.49
3.89
0.3
4.94
6.86
3.08
9.71
1.23
6.44
2.94
10.48
6.29
10.15
1.75
8.28
12.06
9.62
2.18
12.37
0.83
2.34
3.57
9.9
6.73
0.45
12.34
1.85
6.27
10.97
4.8
12.79
6.95
9.58
9.85
7.4
6.55
3.76
1.19
14.1
1.82
13.81
7.56
14.58
11.14
10.14
13.83
5.19
11.99
14.55
5.02
1.9
7.13
9.3
11.27
1.92
11.94
3.66
11.78
14.41
5.59
2.75
2.97
7.66
3.42
11.09
13.47
13.6
11.61
9.19
14.53
9.86
2.04
2.59
2.22
0.7
3.73
0.7
4.17
14.7
12.45
7.27
11.25
5.95
11.14
3.29
9.43
10.88
9.78
8.52
4.76
11.67
14.47
10.41
2.55
0.24
11.51
6.5
11.42
3.33
13.25
2.6
6.44
2.09
5.14
9.11
5.25
0.17
1.85
14.27
12.96
12.45
10.31
8.7
3.4
6.15
4.8
9.8
4.03
8.89
1.91
13.28
13.9
8.56
8.26
11.3
9.62
13.9
5.16
7.47
2.45
11.8
9.03
7.37
6.82
6.4
8.96
13.46
6.47
10.9
5.52
10.55
4.41
12.07
11.32
8.23
11.64
5.62
0.41
1.06
9.19
10.83
10.42
13.67
5.93
2.48
3.33
5.11
14.99
6.72
11.91
4.62
2.49
14.52
4.1
5.56
10.48
7.33
10.3
10.5
11.25
7.28
1.92
11.89
14.39
11.93
9.34
2.87
10.37
7.17
5.16
4.5
8.55
2.79
13.57
14.34
3.92
2.24
14.17
14.33
3.51
14.75
7.96
7.36
7.14
10.2
9.78
2.07
6.26
10.65
8.75
12.08
2.86
6.11
0.71
12.31
0.39
4.67
8.36
8.62
5.44
12.21
10.65
7.99
2.19
8.75
11.61
1.2
1.75
14.8
1.18
2.42
14.53
11.5
7.53
0.72
0.23
14.86
5.66
3.65
14.38
9.35
3.7
3.83
6.4
4.58
1.45
3.22
3.47
13.69
11.4
6.18
0.52
9.35
1.0
0.44
0.21
13.15
3.03
7.23
1.47
11.61
1.92
9.71
5.85
2.76
7.84
14.87
14.52
13.26
2.18
9.79
6.74
10.76
12.24
7.81
11.9
3.46
13.18
2.55
5.35
1.96
7.21
6.25
4.9
11.83
11.99
3.27
8.95
13.03
3.91
4.73
7.43
0.26
1.67
11.79
4.03
6.26
4.36
11.15
13.56
6.75
5.36
12.69
2.66
12.5
11.14
9.88
3.37
0.34
0.39
3.54
2.83
2.09
12.3
8.05
3.31
6.75
1.02
4.79
5.63
13.97
2.39
12.08
4.14
14.67
11.13
3.74
1.96
0.02
12.19
11.34
0.61
13.22
6.28
12.9
14.04
1.21
8.29
