6.96
9.57
6.06
12.35
9.19
3.75
12.7
13.49
14.95
10.11
5.69
10.65
3.69
11.13
10.61
9.02
2.06
13.4
6.27
1.87
13.15
3.71
12.38
8.25
8.82
9.84
8.57
7.8
13.0
9.69
14.5
12.99
11.15
2.91
8.72
11.31
9.01
1.7
11.08
13.75
6.49
4.44
3.35
8.19
8.64
12.59
10.45
8.59
3.59
6.21
3.92
14.79
3.87
3.56
3.23
5.87
9.63
11.9
12.1
1.51
4.72
3.69
1.5
0.39
9.35
6.62
0.96
7.2
8.25
2.33
8.44
4.54
4.25
2.9
14.24
14.68
13.32
11.4
13.6
4.38
12.87
8.46
14.25
4.92
13.16
3.88
1.13
6.56
12.84
8.61
1.66
12.04
14.89
9.2
6.56
3.6
9.97
5.87
3.95
7.16
4.26
10.7
5.07
0.92
12.49
8.11
0.41
13.98
9.91
10.42
5.05
10.12
12.04
3.74
2.69
2.3
0.22
1.76
9.82
13.98
9.69
3.41
6.47
2.02
12.28
10.5
4.98
13.27
10.53
10.9
2.26
9.65
7.14
1.6
8.48
4.97
1.55
2.0
6.56
13.14
0.45
8.54
2.92
13.12
11.16
7.81
1.64
10.5
1.32
8.21
14.46
12.46
8.65
13.1
9.79
13.04
3.81
1.27
11.44
7.17
13.41
14.08
11.05
14.11
10.33
11.72
2.98
2.96
13.68
13.7
9.74
3.05
11.54
2.65
8.35
3.13
3.74
13.24
9.19
11.67
4.62
5.61
2.39
11.37
11.78
5.67
5.97
5.46
7.85
3.16
11.27
8.73
7.92
14.03
10.46
5.65
7.79
0.18
12.5
4.34
10.14
4.39
10.21
11.82
5.62
4.97
13.24
10.77
0.19
3.64
8.83
8.06
14.66
9.88
4.33
9.81
11.3
5.82
2.44
11.89
1.48
6.75
12.49
2.1
3.42
11.16
6.69
6.35
2.29
9.53
1.41
3.17
2.27
6.37
7.5
13.98
2.09
10.27
5.51
11.9
6.16
7.19
13.03
7.96
4.62
6.94
14.62
3.98
11.25
7.77
6.29
0.32
4.08
2.76
2.27
13.21
1.34
8.16
10.36
4.62
2.77
13.76
14.64
4.42
5.65
9.96
14.79
10.79
6.42
13.37
13.69
11.38
12.02
14.5
1.71
12.58
2.9
1.86
1.74
3.57
14.11
5.68
5.04
7.55
10.61
8.98
6.81
6.9
5.17
6.17
8.47
11.08
5.46
3.94
8.39
0.85
9.98
0.4
0.27
11.09
14.37
1.81
9.05
9.41
9.4
2.55
7.97
11.72
7.0
5.38
7.63
11.07
13.43
9.73
5.69
7.01
11.98
4.76
2.29
9.01
1.89
6.8
12.75
0.25
7.48
6.77
6.92
0.14
9.85
1.73
3.61
14.99
14.05
2.91
9.17
10.64
3.84
2.65
7.82
1.8
4.63
4.18
7.97
3.93
12.54
13.46
7.31
6.04
2.38
9.44
9.14
2.07
7.28
7.22
11.41
8.9
10.24
7.37
13.33
5.13
4.04
9.16
5.33
10.32
0.86
13.25
14.67
5.41
14.94
2.32
10.52
9.66
10.66
4.43
14.86
2.81
5.35
14.85
4.33
10.64
13.16
13.85
5.12
11.93
7.26
2.27
6.16
6.04
3.15
2.08
3.63
12.51
2.81
3.85
4.8
7.56
4.8
0.31
9.18
0.09
13.87
6.39
14.92
0.39
5.93
7.93
12.98
9.57
14.06
11.93
14.57
1.79
11.65
12.16
12.98
3.65
12.24
7.83
3.93
3.98
4.09
13.6
13.08
12.63
3.91
11.62
2.64
13.03
0.39
12.82
7.83
4.39
11.41
13.56
9.06
1.81
8.43
2.89
3.74
14.12
5.49
0.67
3.05
8.03
8.04
8.4
1.52
2.76
2.25
10.43
10.13
1.32
0.91
13.58
10.06
13.33
0.28
2.25
7.5
11.7
6.26
1.16
13.87
9.54
7.42
9.51
6.27
8.2
1.17
1.86
8.98
3.92
5.79
4.88
5.43
6.75
9.1
5.71
0.07
1.13
9.68
14.85
6.14
3.46
13.24
8.6
11.3
12.59
9.34
2.55
0.93
9.12
13.04
14.05
0.04
7.27
14.31
0.79
12.23
2.98
8.27
5.51
6.72
14.44
8.62
7.03
3.12
7.26
14.21
6.57
7.91
9.08
9.16
2.9
7.72
5.83
12.17
6.7
12.78
9.64
4.42
8.87
10.41
7.6
11.01
14.65
10.03
7.15
10.46
4.86
3.91
3.54
13.83
4.65
1.5
14.0
13.39
10.11
4.7
2.53
13.2
7.02
1.79
11.57
0.54
6.25
0.56
1.99
5.09
10.71
10.78
13.96
3.34
3.22
4.26
7.18
4.03
2.4
6.79
3.24
0.27
13.3
10.62
0.83
7.79
4.53
5.61
12.64
6.02
13.69
13.89
11.74
6.31
2.24
9.04
2.06
4.51
3.91
14.7
9.39
13.95
1.44
14.13
10.93
9.37
12.47
12.39
1.96
4.73
5.4
12.28
9.76
9.38
12.95
5.36
14.15
7.97
11.22
8.38
4.17
7.8
7.4
0.28
3.12
6.73
2.12
6.8
1.13
10.55
1.47
10.99
3.07
7.23
8.04
14.9
6.73
10.33
9.65
5.55
12.73
6.95
5.89
8.58
1.45
13.75
12.86
0.46
10.11
11.9
12.42
14.52
9.82
9.49
13.49
6.92
3.21
3.23
5.41
0.6
5.38
1.02
10.88
10.88
12.27
14.71
10.02
9.32
0.12
7.53
14.41
9.45
11.94
14.16
12.09
7.28
5.78
4.87
4.23
12.57
8.76
6.04
11.07
13.07
8.21
6.72
11.67
5.7
7.83
11.31
13.08
10.55
8.8
3.04
10.53
1.82
14.18
8.15
9.2
5.87
6.99
4.17
12.52
7.17
1.77
7.14
0.78
4.2
0.39
13.5
13.96
4.13
4.79
12.64
1.56
5.82
7.33
5.57
0.02
7.75
1.8
11.53
14.28
4.02
13.41
2.45
4.14
9.74
14.68
6.63
6.23
5.83
10.36
8.63
2.64
9.73
12.24
12.31
13.3
13.14
6.52
14.44
3.54
1.05
10.22
11.99
5.64
0.42
12.77
4.32
0.81
13.2
3.63
3.51
1.47
13.47
6.88
11.3
3.42
10.07
5.89
11.42
1.1
1.08
9.8
11.12
5.87
9.76
6.18
14.91
2.5
3.79
0.77
11.57
8.44
9.32
6.35
3.84
11.84
4.1
9.62
10.34
7.99
11.84
4.94
8.59
5.19
12.86
11.09
12.68
9.51
5.83
11.44
13.99
8.45
8.5
14.05
13.23
8.93
4.23
9.14
2.16
8.55
12.57
1.81
13.83
7.31
1.01
13.72
10.79
4.28
13.21
13.5
14.77
1.31
11.78
10.97
7.69
9.95
7.88
2.31
5.62
5.94
0.48
11.3
10.95
2.9
3.95
8.94
12.2
13.86
5.87
4.38
5.19
9.33
2.88
7.57
11.18
10.64
5.68
4.13
5.33
3.44
13.01
14.0
11.08
7.94
10.64
4.54
11.01
14.06
6.9
10.53
10.09
14.28
3.49
4.17
3.22
13.46
0.44
5.21
10.76
6.5
2.34
2.3
7.34
9.64
6.06
14.66
3.02
11.47
0.42
0.47
5.15
12.41
14.55
12.89
4.18
3.12
12.72
13.57
6.8
12.12
13.07
1.45
12.13
1.68
8.71
13.71
14.25
13.19
5.61
13.85
7.13
1.14
14.21
14.23
4.24
13.61
10.26
2.58
9.59
1.58
6.44
2.43
11.09
5.07
14.58
9.88
12.24
13.83
12.97
3.75
3.08
14.37
11.69
7.57
3.94
1.15
4.72
7.77
4.16
13.89
1.54
0.32
12.22
1.97
6.7
11.38
6.52
8.3
14.51
4.75
2.62
2.32
8.46
11.83
13.17
2.61
12.9
7.27
10.18
9.61
5.79
4.74
10.99
4.56
3.81
2.79
11.7
6.82
0.72
13.46
11.9
4.06
6.84
8.26
14.21
5.59
10.38
5.29
2.24
12.2
0.31
5.72
9.66
2.55
6.53
2.93
9.93
11.8
1.42
1.82
11.7
3.61
8.6
13.4
11.95
12.07
4.29
10.47
5.72
5.6
8.13
11.95
12.67
12.22
0.36
3.83
5.46
8.45
8.12
13.78
0.49
14.81
2.75
2.48
3.5
1.62
12.75
11.08
14.67
1.64
12.23
13.07
6.38
7.2
7.67
9.68
3.57
10.52
4.64
6.84
0.94
5.86
10.0
14.27
0.16
0.11
10.94
1.48
14.76
11.94
2.73
8.87
7.48
7.29
11.55
1.56
14.81
2.3
5.8
9.9
12.5
8.03
1.14
13.2
13.52
12.17
7.7
1.28
7.44
14.24
4.63
10.06
9.55
8.77
14.91
11.89
1.55
0.5
4.85
12.81
0.83
13.66
10.5
10.11
2.0
0.14
10.88
10.92
2.44
13.74
9.55
3.13
6.33
10.15
7.52
6.68
6.79
0.43
1.88
5.83
9.12
12.9
11.35
9.65
14.8
7.32
1.3
5.74
4.63
1.62
10.16
7.61
11.95
7.62
8.28
4.88
6.72
3.89
2.52
11.02
9.45
8.74
6.36
4.35
6.13
2.87
3.04
3.83
9.68
7.2
2.45
7.61
6.77
8.57
9.01
11.2
9.96
6.07
11.87
9.52
11.13
4.75
2.95
13.75
8.77
7.08
0.93
4.94
14.3
6.35
3.16
2.8
5.96
5.76
7.85
3.33
8.29
9.97
3.13
11.09
0.06
13.66
8.61
9.77
11.76
13.13
1.62
11.07
10.1
5.24
0.25
12.17
4.1
5.76
1.93
7.08
0.23
11.31
2.75
14.62
4.42
12.27
9.73
11.94
4.0
2.17
9.8
12.67
1.4
1.67
11.94
11.06
1.87
14.71
13.15
7.19
4.15
5.46
6.03
8.01
3.23
0.31
7.08
1.76
12.94
14.95
14.63
13.49
13.93
4.17
8.33
1.72
10.06
10.19
8.66
12.41
9.55
13.57
1.33
3.58
8.49
11.91
7.77
1.19
0.03
9.31
9.82
0.62
3.25
5.16
14.08
9.13
12.91
14.18
4.58
5.69
14.2
0.3
7.3
10.13
12.14
10.92
13.42
12.16
7.63
4.59
9.92
12.42
