1.11
1.74
1.54
6.89
2.88
10.56
7.4
14.0
5.26
5.84
11.07
7.41
2.25
1.53
2.37
13.17
8.79
4.54
5.93
1.74
4.02
4.1
2.75
3.76
12.92
7.36
7.36
12.49
7.79
9.89
7.21
7.74
4.02
13.76
1.81
6.07
7.04
13.58
10.93
3.24
2.67
10.69
0.89
14.19
14.26
2.45
1.22
0.18
14.78
5.67
14.16
12.07
11.33
6.33
8.33
7.89
14.82
4.81
4.85
13.43
4.41
10.69
12.77
12.17
13.73
11.5
0.14
6.55
14.3
3.26
8.27
1.09
6.65
14.12
7.45
2.89
10.28
12.53
1.45
6.26
14.6
7.3
14.11
13.12
8.73
2.3
12.67
4.01
12.43
0.06
11.45
4.66
2.28
12.25
1.22
3.32
14.02
0.02
6.23
2.08
7.58
12.87
12.2
2.88
0.29
5.44
6.57
13.96
3.46
10.59
9.68
5.18
12.0
1.69
7.37
8.03
12.2
3.81
3.58
14.07
2.84
2.92
9.03
7.08
9.39
12.74
5.17
9.0
13.89
5.6
13.93
10.94
12.84
7.78
12.66
1.4
10.57
11.58
6.05
8.86
9.83
5.97
12.24
4.16
2.48
12.21
6.37
5.97
7.05
11.43
9.12
10.11
7.1
3.94
8.6
8.15
10.64
5.54
9.39
0.1
6.4
1.59
2.72
4.3
3.83
5.95
11.84
6.55
10.17
6.68
0.27
12.26
1.6
4.78
2.7
11.96
13.11
4.9
11.4
14.49
4.58
7.3
10.74
1.21
8.37
14.55
1.5
7.34
6.94
14.5
4.9
12.1
4.33
2.98
8.5
13.97
6.44
4.38
10.69
8.61
3.36
2.96
12.07
7.93
5.6
11.16
1.39
1.03
2.73
10.61
12.56
10.39
4.06
8.47
9.83
6.0
5.7
6.72
13.55
2.33
11.18
12.51
1.65
8.09
14.77
14.72
3.54
10.9
9.04
11.39
3.36
0.41
12.95
9.46
14.67
4.58
9.95
7.65
15.0
2.2
10.56
5.43
11.04
6.68
3.27
1.57
4.35
13.32
9.33
6.47
5.5
11.37
10.75
0.77
9.72
6.3
12.36
14.95
4.42
13.72
4.12
0.13
15.0
6.64
1.36
14.34
14.85
14.06
8.76
12.22
4.12
6.72
9.58
6.87
8.02
5.78
13.85
13.39
12.44
7.99
2.77
8.09
0.94
11.73
14.0
5.13
7.74
0.25
8.72
4.52
14.15
5.37
2.17
14.84
6.18
4.7
14.88
13.41
1.38
14.29
7.68
1.07
4.14
0.69
2.31
4.8
1.88
11.68
9.18
0.76
11.62
13.22
7.45
9.78
8.22
0.53
4.48
12.48
9.56
13.99
1.21
10.4
13.43
7.64
2.03
11.87
12.77
4.76
3.48
0.65
0.87
0.66
9.65
2.55
11.19
12.58
7.23
0.61
9.09
14.58
8.88
7.84
9.72
13.56
14.27
0.55
9.11
6.7
2.45
12.9
3.37
6.3
9.52
1.92
9.72
12.92
9.64
2.53
13.6
11.35
8.62
2.75
10.63
8.73
0.73
6.88
11.5
4.75
12.22
10.98
10.05
13.49
7.08
13.89
13.13
13.25
10.05
9.01
4.37
11.48
12.76
3.96
1.37
7.28
5.76
8.1
9.65
10.15
3.45
1.77
13.27
7.01
10.48
3.64
10.8
4.01
12.34
1.22
12.24
10.1
14.03
6.53
13.05
11.09
8.54
9.75
3.56
9.14
2.2
7.6
3.66
5.95
3.02
1.48
7.16
2.82
3.29
3.55
0.88
9.2
0.53
8.48
11.59
7.18
9.0
11.7
0.38
5.94
9.33
12.44
8.06
6.33
7.23
5.7
14.44
7.66
11.95
10.33
2.51
0.72
6.77
3.23
9.47
14.02
3.64
7.11
10.92
6.89
10.87
10.75
1.44
14.22
12.72
6.42
13.28
12.2
3.36
9.25
3.15
9.67
14.03
7.13
0.68
12.02
2.44
13.08
5.71
6.27
6.95
10.89
3.35
8.48
9.29
1.45
6.57
11.7
1.84
3.41
1.37
1.76
13.43
2.63
13.69
8.23
4.37
1.19
1.99
5.57
0.46
7.9
2.18
8.02
8.37
5.73
9.21
2.18
2.21
11.0
13.52
10.62
14.75
10.06
3.91
7.6
0.5
10.22
10.82
14.56
14.54
9.59
0.92
4.97
1.95
9.57
6.5
1.29
13.31
5.48
2.96
14.16
9.92
8.11
8.02
14.51
1.2
7.07
0.59
2.09
9.45
7.27
1.58
0.94
5.38
11.88
8.02
13.39
9.65
12.59
4.5
1.16
9.8
12.95
0.13
11.24
9.54
8.81
3.75
11.57
13.65
9.38
4.33
14.77
2.91
14.95
13.86
2.48
11.05
14.6
2.06
11.37
9.38
2.96
0.63
8.44
5.63
6.74
7.74
13.05
13.9
13.24
12.68
0.88
5.98
4.19
14.69
11.11
10.44
13.78
0.23
4.48
12.76
5.13
12.46
12.27
13.21
5.99
9.77
4.66
10.06
9.45
12.77
13.31
9.34
1.08
3.96
0.05
1.03
6.1
3.48
8.84
10.21
14.29
11.73
0.05
2.74
0.79
8.63
5.63
4.81
5.41
5.47
14.11
3.13
5.35
4.21
11.29
4.93
13.25
8.34
14.32
4.68
11.29
10.8
4.03
13.65
10.53
0.51
10.65
4.71
11.41
7.25
0.34
1.26
8.03
3.93
10.63
12.25
2.88
9.63
7.61
5.87
2.09
3.32
11.52
11.93
0.86
9.81
14.27
10.04
11.66
11.76
11.44
5.99
7.24
0.06
5.49
4.92
13.29
14.15
7.42
4.29
7.63
12.2
13.5
5.8
0.44
1.1
10.77
1.22
7.71
2.44
8.26
4.61
13.77
13.69
1.28
7.11
5.25
2.57
8.63
0.46
2.03
12.75
11.97
7.05
3.24
3.05
8.93
2.86
4.86
8.96
12.1
6.63
5.67
1.66
6.18
3.03
4.92
4.41
13.63
6.19
13.32
7.74
3.07
9.55
7.6
11.92
13.77
4.38
2.96
5.5
6.78
3.08
10.17
3.66
0.17
8.53
12.85
9.71
14.64
0.25
4.4
11.75
14.91
7.39
5.9
1.31
6.29
1.78
7.74
13.3
5.8
8.23
3.07
10.64
12.13
1.01
0.35
1.07
7.19
2.33
9.12
4.79
3.52
6.35
1.15
12.24
14.34
1.58
8.68
3.64
2.82
9.74
11.04
7.23
8.98
4.84
11.6
13.3
1.36
7.18
13.92
5.22
10.91
12.19
5.66
11.81
0.52
11.15
8.52
2.34
2.12
5.32
3.62
14.49
14.74
6.25
6.34
12.68
9.32
11.03
6.56
13.6
6.96
13.11
3.37
11.19
2.3
10.36
11.2
1.39
3.69
7.87
13.45
7.34
2.79
6.97
1.4
7.29
3.57
10.25
11.64
11.9
9.44
0.93
3.8
9.55
8.31
6.55
14.44
6.4
9.0
14.88
2.13
10.08
4.23
1.89
0.48
6.52
0.27
2.29
10.11
4.41
1.33
10.3
10.86
7.14
6.8
11.45
7.74
10.82
5.37
8.66
1.76
7.95
14.18
12.4
7.75
4.71
5.98
4.96
10.43
12.18
4.05
12.62
4.0
9.19
8.6
6.81
11.43
9.17
5.08
10.47
10.34
14.68
14.54
4.19
2.36
8.95
2.6
10.35
14.91
8.85
6.25
14.33
3.71
11.27
13.91
3.2
2.05
13.47
6.39
10.52
3.2
14.79
12.74
14.01
9.29
7.16
13.11
2.31
13.82
2.9
4.3
12.4
4.41
2.21
13.37
9.14
10.66
13.46
0.0
8.51
3.7
12.0
10.4
6.92
12.21
7.32
4.24
6.68
9.9
9.38
8.69
11.31
13.69
9.5
9.9
7.59
14.12
3.5
7.35
12.95
13.16
13.17
11.51
12.68
14.89
0.64
9.73
9.46
9.29
1.91
8.23
8.39
3.77
10.48
2.39
8.22
1.7
9.66
14.7
3.87
5.03
10.89
3.89
7.85
5.69
10.65
11.32
10.8
5.85
11.0
14.19
13.85
14.78
3.9
12.82
0.9
11.64
13.12
1.75
7.85
14.36
14.69
8.44
13.5
13.72
8.15
4.35
3.41
0.13
7.02
14.41
14.14
14.04
12.63
0.77
1.21
3.6
11.27
7.24
14.04
7.43
4.27
7.37
1.18
8.96
13.47
8.68
2.2
7.24
3.24
6.56
14.62
7.79
1.78
1.22
2.0
9.65
6.32
9.35
12.37
7.67
12.54
7.94
8.39
8.0
5.84
5.92
5.46
6.94
6.31
8.33
10.55
9.33
14.99
4.68
2.68
7.09
14.36
2.07
5.42
14.01
11.42
3.47
3.43
0.89
12.35
13.84
2.43
2.31
13.79
1.6
6.14
4.01
7.42
13.76
1.39
12.82
0.02
13.58
11.82
7.97
0.75
0.86
5.82
11.6
5.21
14.55
3.03
7.62
3.18
14.88
1.58
3.95
0.71
14.8
5.52
12.71
14.77
11.92
3.4
7.89
11.93
8.6
11.7
4.71
0.92
9.88
11.26
3.31
3.6
1.2
5.0
13.39
0.58
10.18
10.7
12.68
9.59
0.57
12.91
5.31
10.13
5.41
7.54
11.24
4.42
13.73
4.46
8.22
12.84
14.31
5.67
1.32
8.25
12.18
9.19
1.09
5.36
8.31
3.52
14.74
6.27
2.83
1.66
0.32
11.19
2.07
3.71
4.44
6.56
10.66
11.51
7.0
11.87
2.83
10.7
13.11
3.59
14.47
12.34
7.83
6.64
4.68
8.01
5.39
2.98
0.44
3.34
6.38
14.51
1.26
14.7
5.89
5.05
10.52
6.0
6.95
10.73
8.1
4.4
14.72
2.36
14.57
4.1
11.57
5.22
0.09
3.68
11.78
10.41
8.95
6.61
6.99
3.42
12.58
6.29
9.49
12.08
8.28
4.31
6.89
1.61
4.61
12.73
13.75
10.42
14.3
13.06
2.68
14.78
6.93
2.2
11.44
8.68
3.18
3.08
1.3
0.19
7.54
9.61
1.15
13.35
11.27
0.51
9.4
11.82
5.47
5.44
3.09
14.05
4.17
6.53
4.74
12.82
13.48
8.89
4.61
4.8
13.52
8.37
8.67
11.13
10.55
11.52
1.66
7.38
6.08
