7.33
2.55
6.39
3.53
5.93
14.09
0.37
13.4
11.32
14.8
3.84
14.56
10.95
11.53
9.24
4.55
6.47
12.39
9.81
3.82
6.23
0.08
2.29
12.16
2.74
4.29
2.19
1.99
1.52
1.32
0.66
14.46
9.99
6.26
2.06
2.54
3.87
7.17
3.63
1.8
3.52
7.76
14.79
4.44
12.88
5.99
13.4
6.95
0.9
8.86
14.56
3.0
5.13
10.1
1.15
6.66
3.95
5.75
2.0
12.25
14.17
2.79
14.01
14.31
12.92
9.2
5.24
0.22
9.16
14.0
13.41
13.18
7.53
7.77
13.98
9.31
4.37
11.97
12.88
0.1
11.62
5.79
2.37
3.63
10.36
0.34
7.39
4.31
11.3
6.88
10.19
11.23
9.59
13.0
1.52
10.65
6.06
11.28
3.95
7.11
9.49
2.3
12.65
11.75
8.36
9.6
2.59
8.71
12.64
0.77
11.04
10.31
3.07
14.46
11.13
10.78
9.89
11.27
0.38
7.39
3.97
13.85
10.81
7.71
11.73
14.26
9.47
5.54
3.79
10.15
14.42
8.69
1.89
3.14
7.97
10.33
5.31
3.77
6.46
11.72
8.02
12.38
13.21
7.26
9.53
10.9
10.98
10.47
6.75
4.26
2.34
10.64
5.87
7.29
1.99
8.29
6.29
6.26
11.52
10.43
1.6
14.76
5.42
14.99
5.06
12.0
7.36
10.89
11.67
2.4
7.03
12.02
3.67
11.98
13.97
11.36
9.67
5.29
11.81
13.88
8.85
1.18
11.09
9.72
3.93
11.69
7.37
5.84
5.88
11.16
6.0
11.0
3.07
11.49
13.16
7.36
9.08
14.15
0.36
6.67
11.47
1.95
13.85
12.29
12.73
1.83
7.04
0.49
8.32
9.67
6.16
0.73
8.19
6.69
5.23
4.75
5.52
3.64
1.63
9.77
3.96
9.43
13.01
4.29
5.53
8.18
7.49
9.91
6.8
11.26
13.13
2.08
14.82
13.31
9.47
10.84
7.11
4.14
14.46
12.52
2.16
3.33
14.84
7.58
1.52
12.53
12.09
11.77
8.26
12.75
11.21
3.05
2.66
11.06
0.76
2.68
3.83
3.4
5.41
0.32
11.05
0.96
3.18
14.32
3.31
8.84
2.85
4.47
11.17
13.54
0.87
6.19
3.42
10.89
9.54
13.7
10.54
10.58
11.57
3.81
13.46
9.94
11.03
2.76
4.52
3.98
8.16
14.08
13.85
11.24
14.7
4.67
6.95
1.59
0.83
7.09
6.2
13.33
3.98
8.01
1.1
4.36
3.03
2.33
11.5
13.04
11.51
1.86
13.17
12.93
5.17
1.49
6.64
5.13
8.64
14.11
0.65
12.39
1.44
5.03
8.48
7.14
5.57
1.21
10.31
3.38
8.16
14.32
7.02
5.33
7.49
2.72
10.42
3.46
2.07
3.76
7.3
12.1
5.89
3.62
13.08
7.5
1.83
3.11
8.22
9.62
1.4
3.86
5.73
14.56
4.49
3.4
10.85
3.01
2.4
12.91
1.16
2.07
7.12
14.99
14.87
12.08
10.04
11.93
5.74
8.46
0.3
14.58
1.31
11.71
13.42
14.87
11.47
1.7
3.01
5.36
8.81
13.48
7.47
6.23
14.4
1.92
13.93
3.61
8.74
8.72
0.76
7.07
4.58
9.11
12.91
1.51
11.23
7.02
0.2
13.95
6.19
10.13
1.12
1.76
11.7
13.03
6.58
10.17
6.32
2.92
3.2
5.14
4.57
10.78
12.02
13.88
4.94
6.56
13.17
5.71
14.98
5.89
4.57
7.39
8.55
10.67
7.09
13.11
0.38
8.82
7.06
4.0
2.57
9.78
9.01
7.29
8.34
8.46
0.52
1.36
13.14
9.55
0.34
12.18
6.03
0.17
0.83
2.9
2.05
9.06
7.62
2.36
3.17
8.82
10.53
7.06
6.64
1.06
5.56
6.66
8.62
13.02
5.89
12.24
12.23
6.98
0.64
11.46
14.64
1.41
3.96
13.03
13.26
1.61
11.1
7.13
8.56
5.04
0.61
10.65
11.52
14.77
9.71
11.81
11.25
6.82
9.49
1.13
3.85
7.73
5.62
12.84
2.54
10.05
8.82
12.37
8.69
7.82
11.18
13.33
9.71
13.78
13.3
14.9
4.36
6.78
5.63
11.35
0.95
12.51
5.82
7.44
13.59
8.6
14.15
8.4
7.17
1.36
6.38
4.3
3.16
2.47
9.1
13.37
5.2
2.19
8.99
12.34
7.79
8.05
4.15
4.33
11.38
2.18
7.23
7.57
13.19
2.63
0.69
5.19
0.58
14.67
14.7
4.94
1.82
3.03
4.85
4.59
12.64
13.1
5.21
6.66
12.67
3.14
0.5
10.0
8.12
13.55
0.28
9.96
4.55
0.54
6.29
12.46
5.34
6.96
0.5
4.62
0.81
11.79
7.54
11.23
5.84
3.38
12.99
14.61
11.45
6.15
8.59
6.43
14.25
14.38
7.95
9.93
3.99
4.39
11.77
4.4
6.06
10.68
5.05
12.68
1.87
3.44
3.58
9.78
6.7
14.63
14.79
12.16
1.07
14.03
2.67
8.09
10.03
0.47
4.44
2.12
1.26
13.49
11.5
13.47
14.37
7.55
10.94
0.67
5.38
8.69
6.55
7.04
14.03
5.3
2.94
9.53
8.18
2.15
5.48
2.38
4.09
3.29
10.51
8.21
3.72
0.56
7.94
8.31
0.5
8.59
6.12
14.57
14.6
12.83
10.86
12.68
4.19
5.61
12.39
9.09
10.95
9.69
12.2
12.63
14.95
9.03
1.11
8.14
8.34
11.5
7.41
0.2
12.77
5.38
4.63
8.85
9.24
7.19
0.42
5.45
10.95
9.38
7.39
6.29
7.2
0.13
12.36
11.88
5.95
13.63
1.82
0.57
2.83
0.23
7.62
11.57
8.42
14.87
0.14
2.17
10.0
9.1
3.67
7.99
13.47
7.18
6.69
12.1
7.62
7.46
11.2
1.71
2.06
12.16
14.8
8.57
7.0
11.92
14.65
4.21
0.51
0.73
14.48
2.81
7.86
12.81
7.81
2.23
14.25
14.8
7.74
13.35
10.5
0.75
2.86
4.89
3.94
14.49
14.9
8.49
10.11
10.57
3.24
7.87
3.32
0.91
10.76
6.52
14.93
5.04
8.52
1.75
3.15
0.94
10.11
8.84
8.33
1.4
2.45
2.38
3.96
5.16
1.83
12.6
12.12
0.18
6.2
4.33
12.23
5.19
0.16
9.53
11.13
12.3
4.92
12.03
0.48
13.41
6.84
4.48
4.24
12.0
11.31
3.0
10.07
1.4
6.95
1.37
0.34
9.83
3.16
8.61
8.42
9.95
2.64
5.8
7.5
4.66
4.29
12.48
9.29
7.83
14.58
2.52
1.69
10.02
4.74
9.78
12.48
14.57
6.46
8.35
4.96
11.35
5.95
14.36
8.76
13.52
1.23
10.86
5.33
1.45
2.34
8.23
12.32
5.51
13.89
14.1
9.36
9.94
4.11
5.99
11.53
6.33
4.59
5.93
14.65
14.0
9.99
14.39
2.56
9.18
4.42
4.02
9.95
6.98
4.8
5.98
5.92
9.4
4.71
7.98
5.08
4.4
6.81
8.95
13.65
3.65
6.22
0.06
4.7
5.34
6.69
0.93
9.08
8.68
3.99
13.07
1.56
5.72
13.33
4.71
0.76
10.85
8.55
2.06
8.9
8.62
13.27
2.22
13.59
5.55
9.04
4.16
14.1
11.51
0.99
11.64
12.32
8.23
6.22
8.15
8.42
1.24
1.91
10.12
14.86
6.84
7.73
3.46
6.14
14.73
10.31
8.76
7.52
4.5
14.82
12.68
13.18
2.69
10.94
14.75
8.37
4.73
10.64
8.74
12.98
13.69
11.83
11.59
11.72
2.38
10.45
12.38
5.3
14.52
3.8
11.34
6.48
7.63
1.77
3.0
0.93
2.48
1.58
1.21
2.06
5.8
13.28
14.33
1.48
0.51
13.88
14.21
9.5
10.45
12.45
5.77
9.23
2.2
7.06
14.95
14.76
3.48
5.66
5.03
3.58
13.76
9.57
9.96
10.49
3.92
11.72
4.16
7.68
9.46
10.4
10.95
13.2
13.41
13.6
13.5
11.91
12.07
2.86
7.75
10.46
11.54
0.33
0.29
5.31
0.61
2.65
9.02
12.08
12.51
1.4
7.7
0.6
8.14
14.46
7.46
11.83
7.43
4.91
7.34
7.08
0.19
0.39
10.92
9.21
12.16
11.65
0.2
11.0
8.2
2.19
6.75
11.91
6.72
8.44
12.88
6.4
9.12
4.24
4.38
7.95
8.24
9.52
5.44
2.79
5.75
8.18
3.61
0.99
11.53
5.24
1.34
1.27
3.92
2.97
12.98
2.53
7.15
0.41
13.78
4.25
9.18
10.69
12.93
7.24
6.72
6.79
13.56
10.22
1.95
11.06
0.35
14.71
12.76
1.84
6.71
14.93
12.84
12.56
2.73
1.95
4.73
5.82
8.21
8.26
8.92
6.98
14.45
8.79
14.57
2.42
12.97
10.68
4.89
4.28
2.38
11.25
12.82
8.84
6.06
9.5
9.3
3.69
12.76
5.13
9.33
8.48
10.97
11.47
9.02
2.39
2.37
4.76
12.68
8.89
2.93
4.72
1.57
10.82
12.48
3.97
5.19
9.85
2.72
14.07
13.56
8.5
10.37
4.42
14.33
5.82
14.04
4.3
0.5
5.89
9.0
13.53
12.35
0.61
14.82
14.82
9.78
6.0
8.47
7.68
3.07
7.56
7.31
12.47
12.9
12.37
6.42
3.77
1.2
3.43
2.42
12.6
3.84
9.46
0.45
9.09
8.44
0.18
7.93
9.65
2.28
4.99
3.41
13.28
4.0
7.7
4.38
12.94
1.1
5.58
3.19
12.15
9.41
2.09
2.53
4.17
14.94
10.35
13.13
8.34
7.79
6.52
14.13
2.09
1.16
12.86
5.32
4.68
8.17
1.71
12.73
14.49
8.75
0.48
10.39
13.86
12.39
8.15
0.93
0.33
5.29
14.72
14.75
2.42
0.74
8.1
13.51
11.82
10.63
9.48
10.77
10.97
7.78
10.9
12.89
10.39
0.82
8.73
3.42
9.22
10.8
3.06
7.8
4.05
3.75
0.99
2.55
1.7
2.27
4.54
0.86
7.29
0.26
4.52
7.79
