11.06
0.75
10.08
0.17
9.82
9.88
0.61
3.3
10.89
5.68
3.36
12.05
9.01
5.22
8.51
4.35
10.09
10.0
6.35
0.6
4.49
9.14
11.76
14.43
7.81
11.06
11.89
3.11
11.77
4.61
0.93
8.97
12.97
13.75
6.1
7.01
12.69
9.12
2.81
0.09
13.32
10.15
9.84
8.29
2.0
9.13
14.41
4.74
13.71
3.2
8.19
8.97
6.54
13.84
3.98
13.35
2.96
8.47
13.62
2.65
13.84
13.95
9.51
12.71
13.05
4.56
12.31
7.5
7.06
7.25
1.75
0.74
5.46
10.92
14.67
0.19
13.3
4.52
5.97
12.63
9.95
9.77
3.1
10.68
1.16
10.74
1.02
9.15
12.58
11.12
4.25
13.34
14.59
3.53
14.7
10.43
11.02
9.13
9.19
6.51
14.43
2.1
1.35
5.41
7.73
4.15
4.91
14.45
12.92
4.31
5.65
14.94
11.22
1.18
1.23
4.88
8.43
2.56
14.54
0.09
3.43
1.83
1.28
11.53
0.91
0.72
6.57
1.11
3.24
5.85
2.49
8.74
10.8
8.84
4.99
3.21
6.64
7.81
11.6
14.47
3.39
1.57
14.84
8.98
12.84
6.44
14.48
4.72
9.09
8.26
13.66
6.15
14.56
5.67
1.2
9.16
10.27
11.51
12.23
0.77
4.84
6.01
0.07
3.54
8.39
0.82
3.2
0.15
8.05
14.38
6.19
9.67
14.0
7.34
12.13
0.65
13.93
14.44
9.67
13.65
4.66
13.62
11.48
10.41
6.99
6.3
7.34
0.93
1.97
9.16
0.76
9.51
13.54
13.33
12.28
13.57
8.99
1.31
9.48
14.5
4.75
8.95
11.93
0.97
8.8
8.27
10.09
6.58
12.18
11.16
3.64
2.12
7.66
6.94
5.18
2.61
1.13
11.82
11.77
4.21
7.96
12.27
2.73
10.92
7.01
1.7
1.72
12.15
9.79
1.45
13.6
2.72
14.98
8.95
14.82
11.05
13.89
9.97
0.78
1.25
11.61
10.08
1.11
6.42
8.35
11.52
10.16
3.49
13.23
8.37
13.66
9.16
0.64
7.79
10.25
0.56
7.82
4.46
10.03
12.91
14.55
2.51
8.6
3.09
9.81
9.73
8.99
8.2
9.43
8.57
9.9
0.57
6.79
0.15
7.4
9.39
14.22
3.45
0.35
1.86
6.58
6.49
7.51
1.81
9.81
9.41
14.19
14.8
8.44
1.3
8.81
2.51
2.23
7.27
12.55
4.48
11.09
2.35
4.21
12.88
8.96
1.41
1.92
5.4
0.45
7.06
2.06
7.12
3.56
8.35
7.91
13.4
2.19
3.91
0.25
14.65
13.7
3.15
3.26
13.03
4.6
9.01
4.39
3.48
12.55
2.52
4.99
0.95
1.72
3.22
1.18
10.87
1.95
6.28
6.64
10.78
14.66
9.32
1.44
5.5
14.54
12.95
7.68
7.53
13.3
14.52
3.51
3.18
12.71
6.36
7.21
14.34
13.05
6.65
10.29
2.2
5.1
11.58
2.08
5.64
0.18
4.42
4.1
1.38
14.93
5.35
14.35
10.59
8.34
5.98
14.22
4.07
1.16
4.62
3.31
4.93
14.09
9.73
5.87
9.42
8.93
12.95
8.61
14.33
10.64
8.92
9.08
11.75
5.09
0.33
4.48
1.18
8.04
8.21
1.99
2.01
5.13
14.02
10.68
1.3
2.29
9.78
7.12
3.9
10.78
8.78
2.61
1.02
12.36
13.5
11.65
9.32
8.26
2.93
2.81
5.96
0.72
2.82
5.64
0.18
7.39
2.22
4.26
11.04
10.76
4.61
4.15
7.79
11.02
3.31
3.17
0.8
2.63
5.57
9.97
13.44
0.99
12.28
9.82
8.57
10.88
12.4
2.41
1.38
3.68
7.37
2.52
3.94
1.54
10.51
5.92
7.62
1.42
10.3
4.52
12.95
7.79
6.16
0.58
6.35
2.74
6.69
0.65
11.52
6.99
13.28
6.32
14.02
3.59
5.51
11.55
1.52
14.73
9.46
2.88
12.8
13.63
14.18
2.85
5.65
1.0
5.86
11.85
5.69
7.84
10.26
1.06
3.78
8.97
10.76
0.16
10.52
2.07
14.59
2.03
14.49
14.82
1.66
13.1
13.2
5.81
14.49
0.46
9.28
7.66
3.78
4.87
14.58
12.33
10.76
12.97
7.06
3.41
2.97
14.92
0.17
8.32
10.28
0.65
5.83
4.57
5.2
7.2
14.72
0.99
9.11
4.99
8.22
12.27
1.15
4.0
12.1
9.58
1.52
5.49
8.33
12.53
8.07
7.92
13.77
7.13
7.77
0.92
13.43
12.17
11.33
1.72
9.87
12.94
5.74
9.89
14.63
1.14
5.45
10.77
14.19
10.89
4.27
9.86
5.09
8.77
14.09
14.58
12.22
13.79
9.77
11.75
8.96
0.27
9.03
7.83
2.24
0.4
8.38
5.14
3.28
14.91
10.08
6.27
0.14
6.63
2.7
3.94
12.12
1.41
9.41
13.25
1.19
6.83
3.98
1.18
4.96
1.18
11.32
9.94
4.68
10.9
3.56
5.75
7.99
6.49
10.2
13.98
8.21
10.58
14.89
9.0
4.27
10.7
6.42
12.57
3.62
8.19
13.45
6.02
8.37
8.45
7.76
13.5
10.48
8.68
6.77
7.92
9.83
0.36
14.33
0.56
8.26
5.16
0.77
2.91
6.4
1.7
3.18
12.19
4.19
11.68
7.16
7.1
3.48
2.54
14.67
2.65
1.29
5.22
9.72
9.37
3.92
2.32
13.3
6.51
14.24
5.8
9.4
6.09
4.45
0.26
12.36
12.96
3.04
12.99
12.16
10.02
8.32
12.14
2.57
10.65
14.18
4.14
14.84
10.41
14.65
12.77
8.89
0.31
13.26
0.7
8.39
14.29
0.04
7.63
4.59
4.69
14.52
6.37
14.26
11.87
10.68
9.25
3.55
14.86
0.65
10.38
6.96
1.84
13.93
9.05
9.04
10.93
13.38
13.06
1.57
2.83
9.97
13.97
9.89
0.76
13.62
3.25
1.47
6.65
4.34
4.73
7.01
5.3
0.75
8.04
13.94
9.17
0.74
8.25
10.84
13.93
8.53
10.23
11.18
3.86
8.49
7.37
13.8
14.77
14.02
6.68
0.47
2.15
10.9
0.6
10.12
13.61
0.7
2.89
9.28
2.13
1.24
9.09
0.2
12.86
4.44
13.02
2.98
14.52
12.16
2.39
2.31
3.86
14.69
2.88
13.55
7.7
5.63
0.18
11.47
2.44
1.82
2.35
4.53
9.22
14.0
13.28
5.18
3.94
4.78
3.56
10.07
2.69
11.22
0.11
0.57
5.86
5.39
10.98
11.31
3.85
4.52
5.56
4.42
7.32
13.48
7.8
6.37
0.8
4.63
4.15
4.71
2.35
5.06
5.07
4.41
2.02
0.04
7.89
12.66
5.25
3.97
5.16
2.73
5.07
1.43
9.62
6.37
6.22
4.65
6.98
8.42
8.09
10.78
14.82
5.31
3.84
10.61
1.06
4.54
7.82
8.8
4.48
7.55
6.99
5.06
8.7
10.0
0.49
1.47
13.53
7.23
9.09
11.07
2.14
6.98
14.17
4.5
13.5
6.35
12.18
12.64
8.8
7.85
2.5
12.54
5.44
3.38
2.2
13.46
8.23
10.82
0.74
12.56
0.03
9.36
11.73
11.87
11.54
0.22
12.67
12.53
9.13
5.76
3.92
0.4
14.09
7.02
9.16
6.28
2.04
0.44
9.55
10.29
10.43
0.69
3.32
4.73
4.45
10.34
10.05
12.64
10.53
3.32
6.55
14.51
7.1
2.91
9.48
6.76
12.3
9.05
11.82
0.74
3.59
10.71
7.63
7.12
11.59
1.74
11.57
5.2
5.91
6.75
5.26
5.89
11.35
13.9
13.63
8.43
12.48
3.75
9.07
5.24
13.51
5.4
5.07
13.18
11.28
13.9
7.4
10.22
9.23
4.44
4.57
1.93
8.29
2.08
8.15
3.73
13.1
12.55
2.57
0.36
12.6
0.13
3.27
7.8
7.3
10.0
8.75
5.29
4.91
6.51
2.47
13.98
1.81
12.55
13.18
9.37
0.86
12.96
10.45
0.97
3.77
14.78
10.37
13.5
6.69
2.47
4.28
4.31
7.38
1.56
11.02
1.66
2.61
6.75
4.2
10.55
1.62
0.93
8.55
0.04
1.93
7.59
1.33
0.61
6.34
4.81
1.72
7.29
11.25
3.28
0.3
1.21
1.71
3.62
8.79
13.14
6.72
8.58
11.54
9.84
13.63
0.22
0.95
11.64
0.15
1.56
6.18
14.48
3.8
6.1
5.44
2.74
14.02
4.62
0.6
6.2
14.98
1.39
14.22
10.76
4.24
11.55
2.19
2.84
9.52
14.95
0.44
0.19
14.93
13.43
7.86
8.65
13.71
8.93
2.21
13.51
0.18
3.03
13.29
6.5
8.89
10.13
9.53
3.11
6.82
11.81
1.79
7.77
2.16
7.64
12.18
5.33
6.46
12.33
8.58
5.65
6.23
4.31
6.88
1.73
2.63
1.77
6.93
9.27
3.62
5.15
2.28
2.98
14.15
8.58
13.11
5.68
4.71
14.36
10.97
2.12
8.87
0.21
11.25
4.99
3.45
2.77
9.67
7.83
7.29
4.69
10.19
5.34
13.16
10.52
4.23
9.49
12.43
11.31
8.03
11.82
7.22
4.26
7.97
5.4
1.35
14.34
14.12
3.15
0.1
5.45
4.21
1.79
8.96
1.08
8.94
3.15
11.99
12.3
3.93
11.25
5.42
12.21
0.72
1.46
13.75
0.93
2.0
0.21
5.32
6.83
5.52
13.3
0.37
10.22
3.67
14.24
12.05
7.34
5.03
10.78
2.97
11.56
6.82
4.82
13.76
3.55
2.25
7.39
13.18
7.85
10.4
8.09
2.87
0.4
9.61
4.67
6.68
6.83
8.57
10.09
10.51
11.77
5.27
12.11
10.61
8.86
5.66
1.41
8.91
13.22
4.97
12.47
4.22
4.68
8.39
9.3
0.32
6.88
11.78
11.34
2.99
12.58
6.25
10.42
13.83
8.15
3.62
13.46
12.03
7.49
11.28
14.15
1.86
7.89
8.67
3.79
11.52
12.08
1.72
12.56
8.26
5.32
2.48
6.27
5.23
6.22
0.64
4.08
